Format,1.0B,
Memory Length,10000,
IntpDistance,0,
Trigger Address,4849,
Trigger Level,8.000E-01,
Source,CH1,
Vertical Units,V,
Vertical Units Div,0,
Vertical Units Extend Div,16,
Label,,
Probe Type,0,
Probe Ratio,1.000e+01,
Vertical Scale,5.000e-01,
Vertical Position,-1.700e+00,
Horizontal Units,S,
Horizontal Scale,2.000E-06,
Horizontal Position,3.000E-07,
Horizontal Mode,Main,
SincET Mode,Real Time,
Sampling Period,2.000e-09,
Horizontal Old Scale,2.000E-06,
Horizontal Old Position,3.000E-07,
Firmware,V1.23,
Mode,Fast,
Waveform Data,
3,
1,
3,
1,
1,
3,
3,
1,
3,
3,
1,
3,
1,
1,
3,
1,
1,
3,
3,
1,
3,
3,
1,
3,
3,
1,
3,
1,
1,
3,
3,
1,
3,
3,
1,
3,
3,
1,
3,
1,
1,
3,
3,
1,
3,
1,
1,
3,
3,
1,
3,
1,
1,
3,
1,
1,
3,
1,
1,
3,
3,
1,
3,
1,
1,
3,
3,
1,
3,
3,
1,
3,
3,
1,
3,
1,
1,
3,
3,
1,
3,
3,
1,
3,
1,
1,
3,
1,
1,
3,
1,
1,
3,
3,
1,
3,
3,
1,
3,
1,
1,
3,
3,
1,
3,
3,
1,
3,
1,
1,
3,
1,
1,
3,
3,
1,
3,
1,
1,
3,
3,
1,
3,
1,
1,
3,
3,
1,
3,
1,
1,
3,
3,
1,
3,
1,
1,
3,
3,
1,
3,
1,
1,
3,
1,
1,
3,
1,
1,
3,
1,
1,
3,
3,
1,
3,
1,
1,
3,
1,
1,
3,
1,
1,
3,
1,
1,
3,
3,
1,
3,
1,
1,
3,
1,
1,
3,
3,
1,
3,
1,
1,
3,
1,
1,
3,
3,
1,
3,
3,
1,
3,
1,
1,
3,
1,
1,
3,
1,
1,
3,
1,
1,
3,
1,
1,
3,
1,
1,
3,
3,
1,
1,
1,
1,
3,
3,
1,
3,
1,
1,
3,
3,
1,
3,
1,
1,
3,
3,
1,
3,
1,
1,
3,
3,
1,
3,
3,
1,
3,
3,
1,
3,
1,
1,
3,
3,
1,
3,
3,
1,
3,
1,
1,
3,
1,
1,
3,
3,
1,
3,
1,
1,
3,
1,
1,
3,
1,
1,
3,
3,
1,
1,
1,
1,
3,
3,
1,
3,
1,
1,
3,
1,
1,
1,
1,
1,
3,
1,
1,
3,
1,
1,
3,
1,
1,
3,
1,
1,
3,
1,
1,
3,
1,
1,
3,
1,
1,
3,
3,
1,
3,
3,
1,
3,
1,
1,
3,
1,
1,
1,
1,
1,
3,
1,
1,
3,
1,
1,
3,
1,
1,
1,
1,
1,
3,
1,
1,
3,
1,
1,
3,
1,
1,
3,
1,
1,
3,
1,
1,
3,
1,
1,
3,
1,
1,
3,
3,
1,
3,
1,
1,
3,
1,
1,
3,
1,
1,
3,
3,
1,
3,
1,
1,
3,
1,
1,
3,
1,
1,
1,
1,
1,
3,
3,
1,
3,
1,
1,
3,
3,
1,
1,
1,
1,
3,
1,
1,
3,
1,
1,
3,
1,
1,
1,
3,
1,
3,
1,
1,
3,
1,
1,
3,
1,
1,
1,
1,
1,
3,
1,
1,
3,
1,
1,
3,
1,
1,
1,
1,
1,
3,
1,
1,
3,
1,
1,
3,
1,
1,
1,
1,
1,
3,
1,
1,
3,
1,
1,
3,
1,
1,
3,
3,
1,
3,
1,
1,
3,
1,
1,
1,
1,
1,
1,
1,
1,
3,
3,
1,
3,
1,
1,
3,
1,
1,
1,
1,
1,
3,
1,
1,
3,
1,
1,
3,
1,
1,
1,
1,
1,
3,
1,
1,
3,
1,
1,
3,
1,
1,
1,
1,
1,
3,
1,
1,
3,
1,
1,
3,
1,
1,
1,
1,
1,
3,
1,
1,
3,
1,
1,
3,
1,
1,
1,
1,
1,
3,
1,
1,
3,
1,
1,
3,
3,
1,
1,
1,
1,
3,
1,
1,
3,
1,
1,
1,
1,
1,
1,
1,
1,
3,
3,
1,
3,
1,
1,
1,
1,
1,
1,
1,
1,
3,
3,
1,
3,
1,
1,
1,
1,
1,
1,
1,
1,
3,
1,
1,
3,
1,
1,
1,
1,
1,
1,
1,
1,
3,
1,
1,
3,
1,
1,
3,
1,
1,
1,
1,
1,
3,
1,
1,
3,
1,
1,
1,
1,
1,
1,
1,
1,
3,
1,
1,
3,
1,
1,
3,
1,
1,
1,
1,
1,
3,
1,
1,
3,
1,
1,
3,
1,
1,
1,
1,
1,
3,
1,
1,
3,
1,
1,
3,
1,
1,
1,
1,
1,
3,
1,
1,
3,
1,
1,
3,
1,
1,
1,
1,
1,
3,
1,
1,
3,
1,
1,
3,
1,
1,
1,
1,
1,
3,
1,
1,
3,
1,
1,
3,
1,
1,
1,
1,
1,
3,
1,
1,
3,
1,
1,
3,
1,
1,
1,
1,
1,
3,
1,
1,
3,
1,
1,
1,
1,
1,
1,
1,
1,
3,
1,
1,
3,
1,
1,
1,
1,
1,
1,
1,
1,
3,
3,
1,
3,
1,
1,
1,
1,
1,
1,
1,
1,
3,
1,
1,
1,
1,
1,
3,
1,
1,
1,
1,
1,
3,
1,
1,
3,
1,
1,
1,
1,
1,
1,
1,
1,
3,
1,
1,
3,
1,
1,
3,
1,
1,
1,
1,
1,
3,
1,
1,
3,
1,
1,
1,
1,
1,
1,
1,
1,
3,
1,
1,
3,
1,
1,
1,
1,
1,
1,
1,
1,
3,
1,
1,
3,
1,
1,
3,
1,
1,
1,
1,
1,
3,
1,
1,
1,
1,
1,
3,
1,
1,
1,
1,
1,
3,
1,
1,
3,
1,
1,
3,
1,
1,
1,
1,
1,
3,
1,
1,
1,
1,
1,
3,
1,
1,
1,
1,
1,
3,
1,
1,
3,
1,
1,
3,
1,
1,
1,
1,
1,
3,
1,
1,
3,
1,
1,
3,
1,
1,
1,
1,
1,
3,
1,
1,
3,
1,
1,
3,
1,
1,
1,
1,
1,
1,
1,
1,
1,
1,
1,
3,
1,
1,
1,
1,
1,
3,
1,
1,
3,
1,
1,
3,
1,
1,
1,
1,
1,
3,
1,
1,
1,
1,
1,
3,
1,
1,
1,
1,
1,
1,
1,
1,
3,
1,
1,
1,
1,
1,
1,
1,
1,
3,
1,
1,
3,
1,
1,
1,
1,
1,
1,
1,
1,
3,
1,
1,
3,
1,
1,
3,
1,
1,
1,
1,
1,
3,
1,
1,
1,
1,
1,
3,
1,
1,
1,
1,
1,
1,
1,
1,
3,
1,
1,
1,
1,
1,
1,
1,
1,
1,
1,
1,
1,
1,
1,
1,
1,
1,
1,
1,
1,
3,
1,
1,
3,
1,
1,
1,
1,
1,
1,
1,
1,
3,
1,
1,
1,
1,
1,
1,
1,
1,
1,
1,
1,
3,
1,
1,
3,
1,
1,
1,
1,
1,
1,
1,
1,
1,
1,
1,
1,
1,
1,
1,
1,
1,
1,
1,
1,
3,
1,
1,
3,
1,
1,
1,
1,
1,
1,
1,
1,
3,
1,
1,
1,
1,
1,
1,
1,
1,
1,
1,
1,
3,
1,
1,
3,
1,
1,
3,
1,
1,
1,
1,
1,
3,
1,
1,
1,
1,
1,
1,
1,
1,
1,
1,
1,
3,
1,
1,
3,
1,
1,
3,
1,
1,
1,
1,
1,
1,
1,
1,
1,
1,
1,
1,
1,
1,
1,
1,
1,
1,
1,
1,
3,
1,
1,
1,
1,
1,
1,
1,
0,
1,
1,
1,
1,
1,
1,
1,
1,
1,
1,
1,
1,
3,
1,
1,
3,
1,
1,
1,
1,
1,
1,
1,
1,
1,
1,
1,
1,
1,
1,
1,
1,
1,
1,
1,
1,
1,
1,
1,
3,
1,
1,
1,
1,
1,
1,
1,
1,
1,
1,
1,
1,
1,
1,
1,
1,
1,
1,
1,
1,
3,
1,
1,
1,
1,
1,
1,
1,
1,
1,
1,
1,
1,
1,
1,
1,
1,
1,
1,
1,
1,
1,
1,
1,
1,
1,
1,
3,
1,
1,
1,
1,
1,
1,
1,
0,
1,
1,
1,
1,
1,
1,
1,
1,
1,
1,
1,
1,
1,
1,
1,
3,
1,
1,
1,
1,
1,
1,
1,
0,
1,
1,
1,
1,
1,
1,
3,
1,
1,
1,
1,
1,
3,
1,
1,
1,
1,
1,
1,
1,
1,
1,
1,
1,
1,
1,
1,
1,
1,
1,
1,
1,
1,
1,
1,
1,
1,
1,
1,
3,
1,
1,
1,
1,
1,
1,
1,
0,
1,
1,
1,
1,
1,
1,
1,
1,
1,
1,
1,
1,
3,
1,
1,
1,
1,
1,
1,
1,
1,
1,
1,
1,
1,
1,
1,
1,
1,
1,
1,
1,
1,
1,
1,
0,
3,
1,
1,
1,
1,
1,
1,
1,
0,
1,
1,
0,
1,
1,
1,
1,
1,
1,
1,
1,
1,
1,
1,
1,
1,
1,
1,
3,
1,
1,
3,
1,
1,
1,
1,
0,
1,
1,
1,
1,
1,
1,
1,
1,
1,
1,
1,
1,
3,
1,
1,
1,
1,
1,
1,
1,
1,
1,
1,
0,
3,
1,
1,
1,
1,
1,
3,
1,
1,
1,
1,
1,
1,
1,
1,
1,
1,
1,
1,
1,
1,
1,
1,
1,
1,
1,
1,
1,
1,
1,
1,
1,
1,
1,
1,
1,
3,
1,
1,
1,
1,
1,
3,
1,
1,
1,
1,
1,
1,
1,
1,
1,
1,
1,
1,
1,
0,
1,
1,
0,
1,
1,
1,
1,
1,
1,
1,
1,
0,
1,
1,
1,
1,
1,
1,
1,
1,
1,
1,
1,
1,
1,
1,
0,
1,
1,
1,
1,
1,
1,
1,
1,
1,
1,
1,
0,
1,
1,
1,
1,
1,
1,
1,
1,
1,
1,
1,
1,
1,
1,
1,
1,
1,
1,
1,
1,
1,
1,
1,
1,
3,
1,
1,
1,
1,
1,
3,
1,
1,
1,
1,
1,
1,
1,
1,
1,
1,
1,
1,
1,
1,
1,
1,
1,
1,
1,
1,
1,
1,
1,
1,
1,
1,
1,
1,
0,
1,
1,
1,
1,
1,
1,
3,
1,
1,
1,
1,
0,
1,
1,
1,
1,
1,
1,
1,
1,
1,
1,
1,
1,
1,
1,
1,
1,
1,
1,
1,
1,
1,
1,
1,
0,
1,
1,
1,
1,
1,
1,
1,
1,
1,
1,
1,
0,
1,
1,
1,
1,
1,
1,
1,
1,
1,
1,
1,
0,
1,
1,
1,
1,
1,
1,
1,
1,
1,
1,
1,
1,
1,
1,
1,
1,
1,
1,
1,
1,
1,
1,
1,
1,
1,
1,
1,
1,
1,
1,
1,
1,
1,
1,
1,
0,
1,
1,
1,
1,
1,
1,
1,
1,
1,
1,
1,
0,
3,
1,
1,
1,
1,
1,
3,
1,
1,
1,
1,
1,
1,
1,
1,
1,
1,
1,
1,
1,
1,
1,
1,
0,
1,
1,
1,
1,
1,
1,
1,
1,
1,
1,
1,
0,
1,
1,
1,
1,
1,
1,
1,
1,
1,
1,
1,
1,
1,
1,
1,
1,
1,
1,
1,
1,
1,
1,
1,
0,
1,
1,
1,
1,
1,
1,
3,
1,
0,
1,
1,
0,
1,
1,
1,
1,
1,
1,
1,
1,
1,
1,
1,
1,
1,
1,
1,
1,
1,
1,
1,
1,
1,
1,
1,
0,
1,
1,
1,
1,
1,
1,
1,
1,
1,
1,
1,
0,
1,
1,
1,
1,
1,
1,
1,
1,
1,
1,
1,
0,
1,
1,
1,
1,
1,
1,
3,
1,
1,
1,
1,
1,
1,
1,
1,
1,
1,
1,
1,
1,
0,
1,
1,
1,
1,
1,
1,
1,
1,
1,
1,
1,
0,
1,
1,
0,
1,
1,
1,
1,
1,
1,
1,
1,
1,
1,
1,
0,
1,
1,
1,
1,
1,
0,
1,
1,
1,
1,
1,
0,
1,
1,
1,
1,
1,
1,
3,
1,
1,
1,
1,
0,
3,
1,
1,
1,
1,
1,
1,
1,
1,
1,
1,
1,
1,
1,
1,
1,
1,
1,
1,
1,
1,
1,
1,
0,
1,
1,
1,
1,
1,
1,
1,
1,
1,
1,
1,
0,
1,
1,
1,
1,
1,
1,
1,
1,
0,
1,
1,
1,
1,
1,
1,
1,
1,
1,
1,
1,
1,
1,
1,
0,
1,
1,
1,
1,
1,
1,
1,
1,
0,
1,
1,
0,
1,
1,
1,
1,
1,
1,
1,
1,
0,
1,
1,
0,
1,
1,
1,
1,
1,
1,
3,
1,
1,
1,
1,
0,
1,
1,
1,
1,
1,
1,
3,
1,
1,
1,
1,
1,
1,
1,
1,
1,
1,
1,
1,
1,
1,
1,
1,
1,
1,
1,
1,
1,
1,
1,
3,
1,
1,
1,
1,
1,
1,
1,
1,
1,
1,
1,
1,
1,
1,
1,
1,
0,
1,
1,
1,
1,
1,
1,
1,
1,
1,
1,
1,
0,
1,
1,
1,
1,
1,
1,
1,
1,
0,
1,
1,
0,
1,
1,
1,
1,
1,
1,
1,
1,
0,
1,
1,
0,
1,
1,
1,
1,
1,
1,
1,
1,
1,
1,
1,
0,
1,
1,
1,
1,
1,
1,
1,
1,
1,
1,
1,
0,
1,
1,
1,
1,
1,
1,
1,
1,
1,
1,
1,
0,
1,
1,
1,
1,
1,
1,
1,
1,
1,
1,
1,
0,
1,
1,
1,
1,
1,
1,
1,
1,
0,
1,
1,
0,
1,
1,
1,
1,
1,
1,
1,
1,
1,
1,
1,
0,
1,
1,
1,
1,
1,
0,
1,
1,
0,
1,
1,
0,
1,
1,
1,
1,
1,
1,
1,
1,
0,
1,
1,
0,
1,
1,
1,
1,
1,
1,
1,
1,
1,
1,
1,
1,
1,
1,
1,
1,
1,
1,
1,
1,
0,
1,
1,
0,
1,
1,
1,
1,
1,
1,
1,
1,
1,
1,
1,
0,
1,
1,
1,
1,
1,
1,
1,
1,
1,
1,
1,
0,
1,
1,
1,
1,
1,
1,
1,
1,
1,
1,
1,
0,
1,
1,
1,
1,
1,
1,
1,
1,
1,
1,
1,
0,
1,
1,
1,
1,
1,
1,
1,
1,
0,
1,
1,
0,
1,
1,
1,
1,
1,
1,
1,
1,
0,
1,
1,
0,
1,
1,
1,
1,
1,
1,
1,
1,
1,
1,
1,
0,
1,
1,
1,
1,
1,
1,
1,
1,
1,
1,
1,
0,
1,
1,
1,
1,
1,
1,
1,
1,
1,
1,
1,
0,
1,
1,
1,
1,
1,
1,
1,
1,
0,
1,
1,
0,
1,
1,
1,
1,
1,
1,
1,
1,
0,
1,
1,
0,
1,
1,
1,
1,
1,
1,
1,
1,
0,
1,
1,
0,
1,
1,
1,
1,
1,
1,
1,
1,
0,
1,
1,
0,
1,
1,
1,
1,
1,
1,
1,
1,
0,
1,
1,
0,
1,
1,
1,
1,
1,
1,
1,
1,
1,
1,
1,
0,
1,
1,
1,
1,
1,
0,
1,
1,
0,
1,
1,
0,
1,
1,
1,
1,
1,
1,
1,
1,
0,
1,
1,
1,
1,
1,
1,
1,
1,
1,
1,
1,
0,
1,
1,
0,
1,
1,
1,
1,
1,
1,
1,
1,
0,
1,
1,
0,
1,
1,
1,
1,
1,
1,
1,
1,
1,
1,
1,
0,
1,
1,
1,
1,
1,
1,
1,
1,
0,
1,
1,
0,
1,
1,
1,
1,
1,
1,
1,
1,
1,
1,
1,
0,
1,
1,
1,
1,
1,
1,
1,
1,
0,
1,
1,
0,
1,
1,
1,
1,
1,
1,
1,
1,
0,
1,
1,
0,
1,
1,
1,
1,
1,
1,
1,
1,
0,
1,
1,
1,
1,
1,
1,
1,
1,
1,
1,
1,
0,
1,
1,
0,
1,
1,
1,
1,
1,
1,
1,
1,
1,
1,
1,
0,
1,
1,
0,
1,
1,
1,
1,
1,
0,
1,
1,
0,
1,
1,
1,
1,
1,
1,
1,
1,
1,
1,
1,
0,
1,
1,
1,
1,
1,
1,
1,
1,
0,
1,
1,
0,
1,
1,
1,
1,
1,
1,
1,
1,
0,
1,
1,
0,
1,
1,
1,
1,
1,
0,
1,
1,
1,
1,
1,
0,
1,
1,
1,
1,
1,
1,
1,
1,
0,
1,
1,
1,
1,
1,
1,
1,
1,
1,
1,
1,
0,
1,
1,
0,
1,
1,
1,
1,
1,
1,
1,
0,
0,
1,
1,
0,
1,
1,
1,
1,
1,
1,
1,
1,
0,
1,
1,
0,
1,
1,
1,
1,
1,
1,
1,
1,
0,
1,
1,
0,
1,
1,
1,
1,
1,
1,
1,
1,
1,
1,
1,
0,
1,
1,
1,
1,
1,
1,
1,
1,
0,
1,
1,
0,
1,
1,
1,
1,
1,
1,
1,
1,
1,
1,
1,
0,
1,
1,
1,
1,
1,
1,
1,
1,
1,
1,
1,
0,
1,
1,
1,
1,
1,
1,
1,
1,
0,
1,
1,
0,
1,
1,
1,
1,
1,
1,
1,
1,
0,
1,
1,
0,
1,
1,
1,
1,
1,
1,
1,
1,
0,
1,
1,
0,
1,
1,
1,
1,
1,
1,
1,
1,
0,
1,
1,
0,
1,
1,
1,
1,
1,
0,
1,
1,
0,
1,
1,
0,
1,
1,
1,
1,
1,
0,
1,
1,
0,
1,
1,
0,
1,
1,
0,
1,
1,
1,
1,
1,
0,
1,
1,
0,
1,
1,
0,
1,
1,
1,
1,
1,
0,
1,
1,
0,
1,
1,
0,
0,
0,
0,
1,
1,
0,
1,
1,
0,
1,
1,
1,
1,
1,
0,
1,
1,
1,
1,
1,
0,
3,
1,
1,
1,
1,
1,
3,
1,
1,
1,
1,
1,
3,
1,
1,
1,
1,
1,
3,
1,
1,
1,
1,
1,
1,
1,
1,
1,
1,
1,
1,
1,
1,
1,
1,
0,
1,
1,
0,
1,
0,
0,
1,
0,
0,
1,
1,
0,
1,
1,
0,
0,
0,
0,
1,
1,
0,
1,
1,
0,
1,
1,
1,
1,
1,
1,
1,
1,
0,
1,
1,
0,
1,
1,
1,
1,
1,
1,
1,
1,
0,
1,
1,
0,
1,
1,
1,
1,
1,
0,
1,
1,
0,
1,
1,
0,
1,
1,
1,
1,
1,
1,
1,
1,
0,
1,
1,
0,
1,
1,
1,
1,
1,
1,
1,
0,
0,
1,
1,
0,
1,
1,
0,
1,
1,
1,
1,
1,
0,
1,
1,
0,
1,
1,
1,
1,
1,
1,
1,
1,
0,
1,
1,
0,
1,
1,
1,
1,
1,
0,
1,
1,
1,
1,
1,
0,
1,
1,
1,
1,
0,
0,
1,
1,
0,
1,
1,
0,
1,
1,
0,
1,
1,
0,
1,
1,
0,
1,
1,
0,
1,
1,
1,
1,
1,
1,
1,
1,
0,
1,
1,
1,
1,
1,
1,
1,
1,
1,
1,
1,
0,
1,
1,
0,
1,
1,
1,
1,
1,
1,
1,
1,
0,
1,
1,
0,
1,
1,
1,
1,
1,
1,
1,
1,
0,
1,
1,
0,
1,
1,
0,
1,
1,
1,
1,
1,
0,
1,
1,
0,
1,
1,
0,
1,
1,
1,
1,
1,
0,
1,
1,
0,
1,
1,
1,
1,
1,
0,
1,
1,
0,
1,
1,
0,
1,
1,
1,
1,
1,
1,
1,
1,
1,
1,
1,
0,
1,
1,
1,
1,
1,
1,
1,
1,
0,
1,
1,
0,
1,
1,
1,
1,
0,
0,
1,
1,
0,
1,
1,
1,
1,
1,
0,
1,
1,
1,
1,
1,
0,
1,
1,
0,
1,
1,
1,
1,
1,
1,
1,
1,
1,
1,
1,
0,
1,
1,
1,
1,
1,
0,
1,
1,
0,
1,
1,
0,
1,
1,
1,
1,
1,
1,
1,
1,
1,
1,
1,
0,
1,
1,
1,
1,
1,
1,
1,
1,
0,
1,
1,
0,
1,
1,
1,
1,
1,
1,
1,
1,
0,
1,
1,
1,
1,
1,
1,
1,
1,
0,
1,
1,
0,
1,
1,
0,
1,
1,
1,
1,
1,
0,
1,
1,
0,
1,
1,
0,
1,
1,
0,
1,
1,
1,
1,
1,
0,
1,
1,
0,
1,
1,
0,
1,
1,
1,
1,
1,
0,
1,
1,
0,
1,
1,
1,
1,
1,
1,
1,
1,
0,
1,
1,
0,
1,
1,
1,
1,
1,
1,
1,
1,
0,
1,
1,
0,
1,
1,
1,
1,
1,
1,
1,
1,
0,
1,
1,
0,
1,
1,
1,
1,
1,
1,
1,
1,
0,
1,
1,
0,
1,
1,
1,
1,
1,
1,
1,
1,
0,
1,
1,
0,
1,
1,
1,
1,
1,
0,
1,
1,
1,
1,
1,
0,
1,
1,
1,
1,
1,
1,
1,
1,
0,
1,
1,
0,
1,
1,
0,
1,
1,
1,
1,
1,
0,
1,
1,
0,
1,
1,
1,
1,
1,
1,
1,
1,
0,
1,
1,
0,
1,
1,
1,
1,
1,
1,
1,
1,
1,
1,
1,
0,
1,
1,
1,
1,
1,
0,
1,
1,
0,
1,
1,
0,
1,
1,
1,
1,
1,
1,
1,
1,
0,
1,
1,
0,
1,
1,
1,
1,
1,
1,
1,
1,
1,
1,
1,
1,
1,
1,
1,
1,
1,
0,
1,
1,
0,
1,
1,
0,
1,
1,
1,
1,
1,
1,
1,
1,
0,
1,
1,
0,
1,
1,
1,
1,
1,
1,
1,
1,
0,
1,
1,
0,
1,
1,
1,
1,
1,
1,
1,
1,
0,
1,
1,
0,
1,
1,
0,
1,
1,
1,
1,
1,
0,
1,
1,
0,
1,
1,
1,
1,
1,
1,
1,
1,
0,
1,
1,
0,
1,
1,
1,
1,
1,
1,
1,
1,
0,
1,
1,
0,
1,
1,
1,
1,
1,
0,
1,
1,
0,
1,
1,
0,
1,
1,
1,
1,
1,
1,
1,
1,
1,
1,
1,
0,
1,
1,
1,
1,
0,
0,
1,
1,
0,
1,
0,
0,
1,
1,
0,
1,
1,
1,
1,
1,
0,
1,
1,
1,
1,
1,
1,
1,
1,
1,
1,
1,
0,
1,
1,
0,
1,
1,
1,
1,
1,
1,
1,
1,
0,
1,
1,
0,
1,
1,
1,
1,
1,
1,
1,
1,
0,
1,
1,
0,
1,
1,
1,
1,
1,
1,
1,
1,
0,
1,
1,
0,
1,
1,
1,
1,
1,
1,
1,
1,
0,
1,
1,
0,
1,
1,
0,
1,
1,
0,
1,
1,
0,
1,
1,
0,
1,
1,
1,
1,
1,
1,
1,
1,
0,
1,
1,
0,
1,
1,
1,
1,
1,
1,
1,
1,
0,
1,
1,
0,
1,
1,
1,
1,
1,
0,
1,
1,
0,
1,
1,
0,
1,
1,
1,
1,
1,
1,
1,
1,
0,
1,
1,
0,
1,
1,
0,
1,
1,
1,
1,
1,
0,
1,
1,
0,
1,
1,
1,
1,
1,
1,
1,
1,
0,
1,
1,
0,
1,
1,
1,
1,
1,
1,
1,
1,
0,
1,
1,
0,
1,
1,
0,
1,
1,
1,
1,
1,
0,
1,
1,
0,
1,
1,
1,
1,
1,
1,
1,
1,
0,
1,
1,
0,
1,
1,
1,
1,
1,
1,
1,
1,
0,
1,
1,
0,
1,
1,
1,
1,
1,
1,
1,
1,
0,
1,
1,
0,
1,
1,
0,
1,
1,
0,
1,
1,
0,
1,
1,
0,
1,
1,
0,
1,
1,
1,
1,
1,
0,
1,
0,
0,
1,
1,
0,
1,
1,
1,
1,
1,
0,
1,
1,
0,
1,
1,
0,
1,
1,
0,
1,
1,
0,
1,
1,
0,
1,
1,
0,
0,
1,
1,
1,
1,
1,
1,
1,
0,
1,
1,
1,
1,
0,
0,
1,
1,
0,
1,
1,
0,
1,
1,
0,
1,
1,
0,
1,
1,
0,
1,
1,
1,
1,
1,
1,
1,
1,
1,
1,
1,
0,
1,
1,
1,
1,
1,
1,
1,
1,
0,
1,
1,
0,
1,
1,
0,
1,
1,
1,
1,
1,
1,
1,
1,
0,
1,
1,
1,
1,
1,
0,
1,
1,
1,
1,
1,
0,
1,
1,
0,
1,
1,
1,
1,
1,
1,
1,
1,
0,
1,
1,
1,
1,
1,
1,
1,
1,
1,
1,
1,
0,
1,
1,
0,
1,
1,
1,
1,
1,
0,
1,
1,
0,
1,
1,
0,
1,
1,
1,
1,
1,
1,
1,
1,
0,
1,
1,
0,
1,
1,
1,
1,
1,
1,
1,
1,
1,
1,
1,
0,
1,
1,
1,
1,
1,
1,
1,
1,
0,
1,
1,
0,
1,
1,
1,
1,
1,
1,
1,
1,
1,
1,
1,
0,
1,
1,
0,
1,
1,
1,
1,
1,
1,
1,
1,
0,
1,
1,
1,
1,
1,
0,
1,
1,
0,
1,
1,
0,
1,
1,
1,
1,
1,
1,
1,
1,
0,
1,
1,
0,
1,
1,
1,
1,
1,
1,
1,
1,
0,
1,
1,
0,
1,
1,
0,
1,
1,
1,
1,
1,
0,
1,
1,
0,
1,
1,
0,
1,
0,
0,
1,
1,
0,
1,
1,
0,
1,
1,
0,
1,
1,
0,
1,
1,
0,
1,
1,
0,
1,
1,
1,
1,
1,
1,
1,
1,
0,
1,
1,
0,
1,
1,
1,
1,
1,
0,
1,
1,
0,
1,
1,
0,
1,
1,
1,
1,
1,
1,
1,
1,
0,
1,
0,
0,
1,
1,
0,
1,
1,
0,
1,
1,
0,
1,
1,
1,
1,
1,
1,
1,
1,
0,
1,
1,
0,
1,
0,
0,
1,
1,
1,
1,
1,
1,
1,
1,
0,
1,
1,
0,
1,
1,
1,
1,
1,
1,
1,
1,
0,
1,
1,
0,
1,
1,
1,
1,
1,
0,
1,
1,
0,
1,
1,
0,
1,
1,
1,
1,
0,
0,
1,
1,
0,
1,
1,
0,
1,
1,
0,
1,
1,
1,
1,
1,
0,
1,
1,
0,
1,
1,
0,
0,
0,
0,
1,
1,
0,
1,
1,
0,
1,
1,
0,
1,
0,
0,
1,
0,
0,
1,
1,
0,
1,
1,
1,
1,
1,
0,
1,
0,
0,
1,
1,
0,
1,
1,
1,
1,
0,
0,
1,
1,
0,
1,
1,
0,
1,
1,
0,
1,
0,
0,
1,
1,
0,
1,
1,
0,
1,
1,
0,
0,
0,
0,
1,
1,
0,
1,
1,
0,
1,
1,
0,
1,
1,
1,
1,
1,
0,
1,
1,
0,
1,
1,
1,
1,
1,
1,
1,
0,
1,
1,
1,
0,
1,
1,
0,
1,
0,
0,
1,
1,
1,
1,
1,
0,
1,
1,
0,
1,
0,
0,
1,
1,
0,
1,
1,
0,
1,
1,
0,
1,
1,
0,
1,
1,
0,
1,
1,
0,
1,
1,
0,
1,
0,
0,
1,
1,
0,
1,
1,
0,
1,
1,
0,
1,
1,
0,
1,
1,
0,
1,
1,
0,
1,
1,
1,
1,
0,
0,
1,
1,
0,
1,
1,
0,
1,
1,
0,
0,
0,
0,
1,
1,
0,
0,
0,
0,
1,
1,
0,
0,
0,
0,
1,
1,
0,
1,
0,
0,
1,
1,
1,
1,
0,
0,
1,
1,
0,
1,
1,
0,
1,
1,
1,
1,
0,
0,
1,
1,
0,
0,
0,
0,
1,
1,
0,
1,
1,
0,
1,
0,
0,
1,
1,
0,
1,
1,
0,
1,
0,
0,
1,
0,
0,
1,
1,
0,
1,
1,
0,
1,
1,
0,
1,
0,
0,
1,
1,
0,
1,
1,
0,
1,
0,
0,
1,
1,
0,
1,
0,
0,
1,
1,
0,
0,
0,
0,
1,
1,
0,
1,
0,
0,
1,
1,
0,
1,
0,
0,
1,
1,
0,
1,
1,
0,
1,
1,
0,
1,
1,
0,
1,
0,
0,
1,
1,
0,
1,
1,
0,
0,
0,
0,
1,
1,
0,
1,
1,
0,
1,
1,
0,
0,
0,
0,
0,
0,
0,
1,
1,
0,
1,
1,
0,
0,
0,
0,
1,
1,
0,
1,
1,
0,
1,
1,
0,
1,
0,
0,
1,
0,
0,
0,
0,
0,
1,
1,
1,
1,
1,
0,
1,
1,
0,
1,
1,
0,
1,
1,
0,
1,
1,
0,
1,
1,
0,
1,
1,
0,
1,
1,
0,
1,
1,
0,
1,
1,
0,
1,
1,
0,
1,
1,
0,
1,
1,
0,
1,
1,
0,
1,
1,
0,
1,
1,
0,
1,
0,
0,
1,
1,
0,
1,
0,
0,
1,
1,
1,
1,
1,
0,
1,
0,
0,
1,
1,
0,
1,
1,
0,
1,
1,
1,
1,
1,
0,
1,
1,
1,
1,
1,
0,
1,
1,
1,
1,
1,
0,
1,
1,
0,
1,
1,
1,
1,
1,
0,
1,
1,
0,
1,
0,
0,
1,
1,
0,
0,
0,
0,
1,
1,
0,
1,
1,
0,
1,
1,
0,
1,
1,
0,
1,
1,
0,
1,
1,
0,
1,
1,
1,
1,
1,
1,
1,
1,
0,
1,
1,
0,
1,
1,
0,
1,
1,
0,
1,
1,
0,
1,
1,
0,
1,
1,
1,
1,
1,
1,
1,
1,
0,
1,
1,
0,
1,
1,
0,
1,
1,
0,
1,
0,
0,
1,
1,
0,
1,
1,
0,
1,
0,
0,
1,
1,
0,
1,
1,
0,
1,
1,
0,
1,
1,
0,
1,
1,
0,
1,
1,
0,
1,
1,
0,
1,
1,
0,
1,
1,
0,
1,
1,
0,
1,
1,
0,
1,
1,
0,
1,
0,
0,
1,
0,
0,
1,
1,
0,
1,
1,
0,
1,
1,
0,
1,
1,
0,
1,
1,
0,
0,
0,
0,
1,
1,
0,
1,
0,
0,
1,
1,
0,
1,
1,
1,
1,
1,
0,
1,
1,
0,
1,
1,
1,
1,
1,
0,
1,
1,
0,
1,
1,
0,
1,
1,
1,
1,
1,
1,
1,
1,
0,
1,
1,
0,
1,
1,
1,
1,
1,
0,
1,
1,
0,
1,
1,
0,
1,
1,
1,
1,
1,
0,
1,
1,
0,
1,
1,
0,
1,
1,
0,
1,
1,
0,
1,
1,
0,
1,
1,
0,
1,
1,
1,
1,
1,
1,
1,
1,
0,
1,
1,
0,
1,
1,
1,
1,
1,
1,
1,
1,
0,
1,
1,
0,
1,
1,
0,
1,
1,
1,
1,
1,
0,
1,
1,
0,
1,
1,
0,
1,
1,
0,
1,
1,
0,
1,
1,
0,
1,
1,
0,
1,
1,
0,
1,
1,
0,
1,
1,
0,
1,
1,
1,
1,
1,
0,
1,
1,
0,
1,
0,
0,
1,
1,
1,
1,
1,
0,
1,
1,
0,
1,
1,
0,
1,
1,
0,
1,
1,
0,
1,
1,
0,
1,
1,
0,
1,
13,
58,
87,
91,
90,
87,
79,
71,
69,
69,
64,
61,
58,
54,
51,
50,
46,
45,
42,
40,
38,
38,
35,
34,
32,
30,
30,
29,
27,
27,
26,
24,
24,
24,
21,
21,
21,
19,
19,
18,
18,
18,
16,
16,
16,
16,
14,
14,
14,
14,
14,
13,
13,
13,
13,
11,
13,
13,
11,
11,
11,
11,
11,
11,
9,
11,
9,
9,
9,
9,
8,
9,
9,
8,
9,
9,
8,
9,
8,
8,
9,
8,
9,
8,
8,
8,
8,
8,
8,
8,
9,
8,
8,
8,
8,
8,
8,
8,
8,
8,
8,
8,
8,
6,
8,
8,
6,
8,
8,
8,
8,
8,
8,
8,
8,
6,
8,
8,
6,
8,
8,
6,
8,
8,
8,
8,
6,
6,
8,
8,
8,
8,
8,
6,
8,
8,
8,
8,
8,
6,
8,
8,
6,
8,
8,
6,
8,
8,
8,
8,
8,
6,
8,
8,
8,
8,
6,
6,
8,
8,
6,
8,
6,
6,
6,
6,
6,
6,
6,
6,
8,
6,
6,
6,
6,
6,
6,
6,
6,
8,
8,
8,
8,
8,
8,
8,
8,
6,
8,
8,
8,
8,
8,
8,
8,
8,
8,
8,
8,
6,
8,
8,
6,
8,
8,
8,
8,
8,
8,
8,
6,
6,
8,
8,
6,
8,
8,
8,
8,
8,
8,
8,
6,
6,
8,
8,
8,
8,
8,
8,
8,
8,
6,
8,
6,
6,
8,
8,
6,
8,
8,
8,
8,
8,
6,
8,
8,
6,
8,
8,
6,
8,
8,
8,
8,
8,
8,
8,
6,
6,
8,
8,
6,
8,
8,
6,
8,
8,
6,
6,
6,
6,
6,
6,
6,
6,
6,
6,
6,
6,
6,
8,
6,
5,
6,
6,
6,
6,
6,
6,
6,
6,
6,
6,
6,
5,
6,
6,
5,
6,
6,
6,
6,
6,
5,
6,
6,
6,
6,
6,
5,
6,
6,
6,
6,
6,
6,
6,
6,
5,
6,
6,
5,
6,
6,
6,
6,
6,
5,
6,
6,
5,
6,
6,
5,
6,
6,
6,
6,
6,
5,
6,
5,
5,
6,
6,
5,
6,
6,
5,
6,
6,
5,
6,
5,
5,
6,
5,
5,
6,
6,
5,
6,
6,
5,
6,
5,
5,
6,
5,
5,
6,
6,
5,
6,
6,
5,
6,
5,
5,
6,
5,
5,
6,
6,
5,
6,
6,
6,
6,
5,
5,
6,
6,
5,
6,
6,
5,
6,
6,
5,
6,
5,
5,
6,
5,
5,
6,
6,
5,
6,
6,
6,
6,
5,
5,
6,
5,
5,
6,
6,
5,
6,
6,
6,
6,
5,
5,
5,
5,
5,
6,
6,
5,
6,
6,
6,
6,
5,
5,
6,
5,
5,
6,
6,
5,
6,
5,
6,
6,
5,
5,
5,
5,
5,
6,
6,
5,
6,
5,
5,
5,
5,
5,
6,
5,
5,
6,
6,
5,
6,
5,
5,
5,
5,
5,
5,
5,
5,
6,
6,
5,
6,
5,
5,
5,
5,
5,
5,
5,
5,
6,
5,
5,
6,
5,
5,
6,
5,
5,
6,
5,
5,
6,
5,
5,
6,
5,
6,
6,
5,
5,
5,
5,
5,
6,
5,
5,
6,
6,
5,
5,
5,
5,
5,
5,
5,
5,
6,
5,
6,
5,
5,
5,
5,
5,
5,
5,
5,
5,
5,
5,
6,
5,
5,
5,
5,
5,
5,
5,
5,
5,
5,
5,
6,
5,
5,
5,
5,
5,
5,
5,
5,
5,
5,
5,
6,
5,
5,
5,
5,
5,
5,
5,
5,
5,
5,
5,
6,
5,
5,
5,
5,
5,
5,
5,
5,
5,
5,
5,
6,
5,
5,
5,
5,
5,
5,
5,
5,
5,
5,
5,
5,
5,
5,
5,
5,
5,
5,
5,
5,
6,
5,
5,
5,
5,
5,
5,
5,
5,
5,
5,
5,
5,
5,
5,
6,
5,
5,
5,
5,
5,
5,
5,
5,
5,
5,
5,
6,
5,
5,
5,
5,
5,
5,
5,
3,
5,
5,
5,
6,
5,
5,
5,
5,
5,
5,
5,
5,
5,
5,
5,
6,
5,
5,
5,
5,
3,
5,
5,
3,
5,
5,
5,
5,
5,
5,
5,
5,
5,
5,
5,
5,
5,
5,
5,
5,
5,
5,
5,
5,
5,
5,
5,
5,
5,
5,
5,
5,
5,
5,
5,
5,
3,
5,
5,
5,
5,
5,
5,
5,
5,
5,
5,
5,
5,
5,
5,
3,
5,
5,
5,
6,
5,
5,
5,
5,
3,
5,
5,
3,
5,
5,
5,
5,
5,
5,
5,
5,
3,
5,
5,
3,
5,
5,
3,
5,
5,
5,
5,
5,
3,
5,
5,
3,
5,
5,
5,
5,
5,
5,
5,
5,
3,
5,
5,
3,
5,
5,
5,
5,
5,
5,
5,
5,
3,
5,
5,
3,
5,
5,
3,
5,
5,
5,
5,
5,
3,
5,
5,
3,
5,
5,
3,
5,
5,
5,
5,
5,
3,
5,
5,
3,
5,
5,
5,
5,
5,
5,
5,
5,
3,
5,
5,
3,
5,
5,
3,
5,
5,
5,
5,
5,
3,
5,
5,
3,
5,
5,
5,
5,
3,
3,
5,
5,
3,
5,
5,
3,
5,
5,
3,
5,
5,
5,
5,
5,
3,
5,
5,
3,
5,
5,
3,
5,
5,
3,
5,
5,
3,
5,
5,
3,
5,
5,
3,
5,
3,
3,
5,
5,
3,
5,
5,
3,
5,
5,
3,
5,
3,
3,
5,
3,
3,
5,
5,
3,
5,
5,
3,
5,
5,
5,
5,
5,
3,
5,
5,
3,
5,
5,
3,
5,
3,
3,
5,
5,
3,
5,
5,
3,
5,
5,
3,
5,
5,
5,
5,
5,
3,
5,
5,
3,
5,
5,
5,
5,
3,
3,
5,
5,
3,
5,
5,
3,
5,
5,
3,
5,
3,
3,
5,
3,
3,
5,
5,
3,
5,
5,
3,
5,
3,
3,
5,
3,
3,
5,
5,
3,
5,
5,
3,
5,
3,
3,
5,
3,
3,
5,
5,
3,
5,
5,
3,
5,
3,
3,
5,
3,
3,
5,
5,
3,
5,
5,
3,
5,
3,
3,
5,
5,
3,
5,
5,
3,
5,
5,
5,
5,
3,
3,
5,
5,
3,
5,
5,
3,
5,
5,
3,
5,
3,
3,
5,
5,
3,
5,
5,
3,
5,
5,
3,
5,
3,
3,
5,
5,
3,
5,
5,
3,
5,
5,
3,
5,
3,
3,
5,
3,
3,
5,
5,
3,
5,
5,
3,
5,
3,
3,
5,
3,
3,
5,
5,
3,
5,
5,
3,
5,
3,
3,
5,
3,
3,
5,
5,
3,
5,
5,
3,
5,
3,
3,
5,
3,
3,
5,
5,
3,
5,
5,
3,
5,
3,
3,
5,
5,
3,
5,
5,
3,
5,
5,
3,
5,
3,
3,
5,
3,
3,
5,
3,
3,
5,
5,
3,
5,
3,
3,
5,
3,
3,
5,
5,
3,
5,
5,
3,
5,
3,
3,
5,
3,
3,
5,
5,
3,
5,
5,
3,
5,
3,
3,
5,
3,
3,
5,
5,
3,
5,
5,
3,
5,
3,
3,
5,
3,
3,
5,
5,
3,
5,
5,
3,
5,
3,
3,
5,
3,
3,
5,
5,
3,
5,
5,
3,
5,
3,
3,
5,
3,
3,
5,
5,
3,
5,
5,
3,
5,
3,
3,
5,
3,
3,
5,
3,
3,
5,
5,
3,
3,
3,
3,
5,
3,
3,
3,
3,
3,
5,
5,
3,
3,
3,
3,
5,
3,
3,
5,
5,
3,
5,
3,
3,
3,
3,
3,
5,
3,
3,
3,
3,
3,
3,
5,
3,
5,
3,
3,
5,
3,
3,
3,
3,
3,
3,
5,
3,
3,
3,
3,
5,
3,
3,
3,
3,
3,
5,
5,
3,
5,
3,
3,
3,
3,
3,
3,
3,
3,
3,
3,
3,
5,
3,
3,
5,
3,
3,
3,
3,
3,
3,
3,
3,
5,
3,
3,
5,
3,
3,
5,
3,
3,
3,
3,
3,
5,
3,
3,
3,
3,
3,
3,
3,
3,
5,
5,
3,
3,
3,
3,
3,
3,
3,
3,
3,
3,
5,
3,
3,
5,
3,
3,
3,
3,
3,
3,
3,
3,
3,
3,
3,
5,
3,
3,
3,
3,
3,
5,
5,
3,
5,
3,
3,
5,
3,
3,
3,
3,
3,
3,
3,
3,
5,
5,
3,
3,
3,
3,
3,
3,
3,
3,
3,
3,
5,
3,
3,
3,
3,
3,
3,
3,
3,
3,
3,
3,
3,
3,
3,
5,
3,
3,
3,
3,
3,
3,
3,
3,
3,
3,
3,
3,
3,
3,
3,
3,
3,
3,
3,
3,
3,
3,
3,
3,
3,
3,
3,
3,
3,
3,
3,
3,
3,
3,
3,
3,
3,
3,
3,
3,
3,
3,
3,
3,
5,
3,
3,
5,
3,
3,
3,
3,
3,
3,
3,
3,
5,
3,
3,
3,
3,
3,
3,
3,
3,
3,
3,
3,
3,
3,
3,
3,
3,
3,
3,
3,
3,
3,
3,
1,
5,
3,
3,
3,
3,
3,
3,
3,
3,
3,
3,
3,
3,
3,
3,
3,
3,
3,
3,
3,
3,
3,
3,
3,
3,
3,
3,
3,
3,
3,
3,
3,
3,
3,
3,
3,
3,
3,
3,
3,
3,
3,
3,
3,
3,
3,
3,
3,
3,
3,
3,
3,
3,
3,
3,
3,
3,
3,
3,
1,
3,
3,
3,
3,
3,
3,
3,
3,
3,
3,
3,
3,
3,
3,
3,
3,
3,
3,
3,
3,
1,
3,
3,
3,
3,
3,
3,
3,
3,
3,
3,
3,
1,
3,
3,
3,
3,
3,
1,
3,
3,
3,
3,
3,
3,
3,
3,
1,
3,
3,
3,
5,
3,
3,
3,
3,
3,
3,
3,
1,
3,
3,
3,
3,
3,
3,
3,
3,
3,
3,
3,
3,
3,
3,
3,
3,
3,
3,
3,
3,
1,
3,
3,
3,
3,
3,
1,
3,
3,
3,
3,
3,
1,
3,
3,
1,
3,
3,
3,
3,
3,
3,
3,
3,
1,
3,
3,
3,
3,
3,
1,
3,
3,
3,
3,
3,
1,
3,
3,
3,
3,
3,
1,
3,
3,
3,
3,
3,
3,
3,
3,
3,
3,
3,
1,
3,
3,
3,
3,
3,
1,
3,
3,
3,
3,
3,
1,
3,
3,
3,
3,
3,
1,
3,
3,
3,
3,
3,
1,
3,
3,
3,
3,
3,
1,
3,
3,
3,
3,
3,
3,
3,
3,
3,
3,
3,
1,
3,
3,
1,
3,
3,
1,
3,
1,
1,
3,
3,
1,
3,
3,
3,
3,
3,
1,
3,
3,
3,
3,
3,
1,
3,
3,
3,
3,
3,
1,
3,
3,
3,
3,
3,
1,
3,
3,
3,
3,
3,
3,
3,
3,
3,
3,
3,
1,
3,
3,
3,
3,
3,
1,
3,
1,
1,
3,
3,
1,
3,
3,
3,
3,
3,
1,
3,
3,
3,
3,
3,
1,
3,
3,
3,
3,
3,
1,
3,
3,
3,
3,
3,
1,
3,
3,
3,
3,
3,
1,
3,
3,
3,
3,
3,
1,
3,
3,
1,
3,
3,
1,
3,
1,
1,
3,
3,
1,
3,
3,
3,
3,
3,
3,
3,
1,
1,
3,
3,
1,
3,
3,
1,
3,
3,
1,
3,
3,
3,
3,
3,
1,
3,
3,
3,
3,
3,
1,
3,
3,
1,
3,
3,
1,
3,
3,
3,
3,
3,
1,
3,
1,
1,
3,
3,
1,
3,
3,
3,
3,
3,
1,
3,
1,
1,
3,
3,
1,
3,
3,
3,
3,
3,
1,
3,
3,
3,
3,
3,
1,
3,
3,
3,
3,
3,
1,
3,
1,
1,
3,
3,
1,
3,
3,
1,
3,
3,
1,
3,
3,
1,
3,
3,
1,
3,
3,
1,
3,
3,
1,
3,
3,
1,
3,
3,
1,
3,
3,
3,
3,
3,
1,
3,
1,
1,
3,
3,
1,
3,
3,
1,
3,
3,
1,
3,
1,
1,
3,
3,
1,
3,
3,
3,
3,
3,
1,
3,
1,
1,
3,
3,
1,
3,
1,
1,
3,
3,
1,
3,
1,
1,
3,
3,
1,
3,
3,
1,
3,
3,
1,
3,
1,
1,
3,
3,
1,
3,
3,
1,
3,
3,
1,
3,
1,
1,
3,
1,
1,
3,
1,
1,
3,
3,
1,
3,
1,
1,
3,
3,
1,
3,
3,
1,
3,
3,
1,
3,
3,
1,
3,
3,
1,
3,
1,
1,
3,
3,
1,
3,
1,
1,
3,
3,
1,
3,
1,
1,
3,
3,
1,
3,
1,
1,
3,
3,
1,
3,
3,
1,
3,
3,
1,
3,
1,
1,
3,
3,
1,
3,
1,
1,
3,
3,
1,
3,
1,
1,
3,
3,
1,
3,
3,
1,
3,
3,
1,
3,
1,
1,
3,
3,
1,
3,
1,
1,
3,
3,
1,
3,
1,
1,
3,
3,
1,
3,
1,
1,
3,
3,
1,
3,
1,
1,
3,
3,
1,
3,
3,
1,
3,
3,
1,
3,
1,
1,
3,
3,
1,
3,
3,
1,
3,
3,
1,
3,
1,
1,
3,
1,
1,
3,
1,
1,
3,
3,
1,
3,
1,
1,
3,
1,
1,
3,
1,
1,
3,
3,
1,
3,
1,
1,
3,
3,
3,
14,
46,
64,
67,
66,
64,
59,
54,
53,
51,
48,
46,
43,
42,
40,
38,
37,
35,
32,
30,
30,
30,
29,
26,
26,
24,
24,
24,
22,
21,
21,
19,
19,
19,
18,
16,
16,
16,
16,
16,
14,
14,
14,
13,
13,
13,
13,
11,
13,
11,
11,
11,
11,
9,
11,
9,
9,
9,
9,
9,
9,
9,
8,
9,
9,
9,
9,
9,
9,
9,
9,
8,
8,
8,
8,
8,
9,
8,
9,
8,
8,
8,
8,
8,
8,
8,
8,
8,
8,
8,
8,
8,
8,
8,
8,
8,
8,
8,
8,
8,
8,
6,
8,
8,
6,
8,
8,
6,
8,
8,
8,
8,
8,
8,
8,
8,
8,
8,
8,
6,
8,
8,
6,
8,
8,
8,
8,
8,
8,
8,
8,
6,
8,
8,
6,
8,
8,
6,
8,
6,
8,
8,
8,
6,
8,
8,
6,
8,
6,
6,
8,
8,
6,
8,
6,
6,
6,
6,
6,
8,
6,
6,
6,
8,
6,
8,
6,
6,
6,
6,
6,
6,
8,
6,
8,
6,
8,
8,
6,
6,
6,
8,
6,
8,
8,
8,
8,
8,
8,
8,
6,
6,
8,
8,
6,
8,
8,
8,
8,
8,
6,
8,
6,
6,
8,
6,
6,
6,
6,
6,
6,
6,
6,
6,
6,
6,
6,
6,
6,
6,
6,
6,
6,
6,
6,
6,
6,
6,
6,
6,
6,
6,
6,
5,
6,
6,
6,
6,
5,
5,
6,
6,
6,
5,
6,
6,
6,
6,
5,
6,
5,
5,
6,
6,
5,
6,
6,
6,
6,
6,
5,
6,
5,
5,
6,
6,
5,
6,
6,
6,
6,
6,
6,
6,
6,
6,
6,
6,
5,
6,
6,
5,
6,
6,
5,
6,
5,
5,
6,
5,
5,
6,
6,
5,
6,
6,
6,
6,
6,
5,
6,
5,
5,
6,
6,
5,
6,
6,
6,
6,
6,
5,
5,
5,
5,
5,
6,
5,
6,
6,
6,
6,
6,
5,
6,
5,
5,
6,
6,
5,
6,
5,
6,
6,
5,
5,
5,
5,
5,
6,
6,
5,
6,
5,
5,
5,
5,
5,
6,
5,
5,
6,
6,
5,
6,
5,
6,
6,
5,
5,
6,
5,
5,
6,
6,
5,
6,
5,
6,
6,
6,
5,
6,
5,
5,
6,
6,
5,
6,
6,
6,
6,
5,
5,
6,
6,
5,
6,
6,
5,
6,
6,
6,
6,
5,
5,
6,
5,
5,
6,
6,
5,
6,
6,
6,
6,
5,
5,
5,
5,
5,
6,
6,
5,
6,
6,
5,
6,
5,
5,
5,
5,
5,
6,
5,
5,
6,
5,
5,
6,
5,
5,
5,
5,
5,
6,
5,
5,
6,
5,
5,
6,
5,
5,
5,
5,
5,
6,
5,
5,
6,
5,
5,
5,
5,
5,
5,
5,
5,
6,
5,
5,
6,
5,
5,
5,
5,
5,
5,
5,
5,
6,
6,
5,
6,
5,
5,
6,
5,
5,
5,
5,
5,
6,
6,
5,
6,
5,
5,
6,
5,
5,
5,
5,
5,
6,
5,
5,
6,
5,
5,
5,
5,
5,
5,
5,
5,
5,
5,
5,
6,
5,
5,
5,
5,
5,
5,
5,
5,
5,
5,
5,
6,
5,
5,
5,
5,
5,
5,
5,
5,
5,
5,
5,
6,
5,
5,
5,
5,
5,
5,
5,
5,
5,
5,
5,
5,
5,
5,
5,
5,
5,
5,
5,
5,
5,
6,
5,
6,
5,
5,
5,
5,
5,
5,
5,
5,
5,
5,
5,
5,
5,
5,
5,
5,
5,
5,
5,
5,
5,
5,
5,
6,
5,
5,
5,
5,
5,
5,
5,
5,
5,
5,
5,
6,
5,
5,
5,
5,
5,
5,
5,
5,
5,
5,
5,
6,
5,
5,
5,
5,
5,
5,
5,
5,
5,
5,
5,
5,
5,
5,
5,
5,
5,
5,
5,
5,
5,
5,
5,
6,
5,
5,
5,
5,
5,
5,
5,
5,
5,
5,
5,
5,
5,
5,
5,
5,
5,
5,
5,
5,
5,
5,
5,
6,
5,
5,
5,
5,
5,
5,
5,
5,
5,
5,
5,
6,
5,
5,
5,
5,
5,
5,
5,
5,
5,
5,
5,
5,
5,
5,
5,
5,
5,
5,
5,
5,
5,
5,
5,
5,
5,
5,
5,
5,
3,
5,
5,
3,
5,
5,
5,
6,
5,
5,
5,
5,
5,
5,
5,
3,
5,
5,
5,
5,
5,
5,
5,
5,
3,
5,
5,
5,
5,
5,
3,
5,
5,
5,
5,
5,
3,
5,
5,
5,
5,
5,
5,
5,
5,
5,
5,
5,
3,
5,
5,
5,
5,
5,
5,
5,
5,
5,
5,
5,
5,
5,
5,
5,
5,
5,
5,
5,
3,
3,
5,
5,
5,
5,
5,
3,
5,
5,
3,
5,
5,
5,
5,
5,
3,
5,
5,
3,
5,
5,
3,
5,
5,
5,
5,
5,
3,
5,
5,
3,
5,
5,
3,
5,
5,
5,
5,
5,
3,
5,
5,
3,
5,
5,
3,
5,
3,
3,
5,
5,
3,
5,
5,
3,
5,
5,
3,
5,
5,
5,
5,
5,
3,
5,
5,
3,
5,
5,
3,
5,
3,
3,
5,
3,
3,
5,
5,
3,
5,
5,
3,
5,
3,
3,
5,
5,
3,
5,
5,
3,
5,
5,
5,
5,
3,
3,
5,
3,
3,
5,
5,
3,
5,
5,
3,
5,
3,
3,
5,
3,
3,
5,
5,
3,
5,
5,
3,
5,
5,
5,
5,
3,
3,
5,
5,
3,
5,
5,
3,
5,
3,
3,
5,
3,
3,
5,
5,
3,
5,
5,
3,
5,
3,
3,
5,
3,
3,
5,
5,
3,
5,
5,
3,
5,
3,
3,
5,
5,
3,
5,
5,
3,
5,
5,
3,
5,
3,
3,
5,
3,
3,
5,
5,
3,
5,
5,
3,
5,
3,
3,
5,
3,
3,
5,
5,
3,
5,
5,
3,
5,
3,
3,
5,
3,
3,
5,
5,
3,
5,
5,
3,
5,
3,
3,
5,
3,
3,
5,
5,
3,
5,
5,
3,
5,
3,
3,
5,
3,
3,
5,
5,
3,
5,
5,
3,
5,
3,
3,
5,
3,
3,
5,
5,
3,
5,
5,
3,
3,
3,
3,
5,
3,
3,
5,
5,
3,
5,
5,
3,
5,
3,
3,
5,
3,
3,
5,
5,
3,
5,
5,
3,
5,
3,
3,
5,
3,
3,
5,
5,
3,
5,
5,
3,
5,
3,
3,
5,
3,
3,
3,
3,
3,
5,
5,
3,
3,
3,
3,
5,
3,
3,
3,
3,
3,
5,
5,
3,
5,
3,
3,
5,
3,
3,
5,
3,
3,
5,
3,
3,
5,
3,
3,
5,
3,
3,
3,
3,
3,
5,
5,
3,
5,
3,
3,
5,
3,
3,
5,
3,
3,
5,
5,
3,
5,
3,
3,
5,
3,
3,
3,
3,
3,
3,
5,
3,
5,
3,
3,
5,
3,
3,
5,
3,
3,
3,
3,
3,
5,
3,
3,
3,
3,
3,
3,
3,
3,
5,
5,
3,
5,
3,
3,
3,
3,
3,
5,
5,
3,
5,
5,
3,
5,
3,
3,
3,
3,
3,
3,
3,
3,
3,
3,
3,
3,
3,
3,
3,
3,
3,
3,
3,
3,
5,
5,
3,
3,
3,
3,
5,
3,
3,
3,
3,
3,
5,
5,
3,
3,
3,
3,
3,
3,
3,
3,
3,
3,
5,
3,
3,
3,
3,
3,
3,
3,
3,
3,
3,
3,
5,
3,
3,
3,
3,
3,
5,
3,
3,
3,
3,
3,
5,
3,
3,
3,
3,
3,
3,
3,
3,
3,
3,
3,
3,
3,
3,
5,
3,
3,
3,
3,
3,
3,
3,
3,
3,
3,
3,
5,
3,
3,
3,
3,
3,
3,
3,
3,
3,
3,
3,
5,
3,
3,
3,
3,
3,
5,
3,
3,
3,
3,
3,
3,
3,
3,
3,
3,
3,
3,
3,
3,
3,
3,
3,
5,
3,
3,
3,
3,
3,
3,
3,
3,
3,
3,
3,
3,
3,
3,
3,
3,
3,
3,
3,
3,
5,
3,
3,
3,
3,
3,
3,
3,
3,
5,
3,
3,
3,
3,
3,
3,
3,
3,
3,
3,
3,
3,
3,
3,
3,
5,
3,
3,
3,
3,
3,
3,
3,
3,
3,
3,
3,
3,
3,
3,
3,
3,
3,
3,
3,
3,
3,
3,
3,
3,
3,
3,
3,
3,
3,
3,
3,
3,
3,
3,
3,
3,
3,
3,
3,
3,
3,
3,
3,
3,
3,
1,
3,
3,
3,
5,
3,
3,
3,
3,
3,
3,
3,
3,
3,
3,
3,
3,
3,
3,
3,
3,
3,
3,
3,
1,
3,
3,
3,
3,
3,
3,
3,
3,
3,
3,
3,
3,
3,
3,
3,
3,
3,
3,
3,
3,
3,
3,
3,
3,
3,
3,
3,
3,
3,
3,
3,
3,
1,
3,
3,
3,
3,
3,
3,
3,
3,
3,
3,
3,
3,
3,
3,
3,
3,
3,
3,
3,
3,
3,
3,
3,
3,
3,
3,
3,
3,
3,
3,
3,
3,
3,
3,
3,
3,
3,
3,
3,
3,
3,
3,
3,
3,
3,
3,
3,
1,
3,
3,
3,
3,
3,
1,
3,
3,
3,
3,
3,
1,
3,
3,
3,
3,
3,
3,
3,
3,
3,
3,
3,
1,
3,
3,
3,
3,
3,
3,
3,
3,
3,
3,
3,
3,
3,
3,
3,
3,
3,
3,
3,
3,
1,
3,
3,
3,
3,
3,
3,
3,
3,
3,
3,
3,
3,
3,
3,
3,
3,
3,
3,
3,
3,
3,
3,
3,
3,
3,
3,
1,
3,
3,
3,
3,
3,
3,
3,
3,
3,
3,
3,
1,
3,
3,
1,
3,
3,
3,
3,
3,
3,
3,
3,
1,
3,
3,
3,
3,
3,
3,
3,
3,
3,
3,
3,
1,
3,
3,
3,
3,
3,
3,
3,
3,
3,
3,
3,
1,
3,
3,
3,
3,
3,
1,
3,
3,
3,
3,
3,
1,
3,
3,
3,
3,
3,
3,
3,
3,
3,
3,
3,
1,
3,
3,
1,
3,
3,
3,
3,
3,
3,
3,
3,
1,
3,
3,
3,
3,
3,
3,
3,
3,
3,
3,
3,
1,
3,
3,
3,
3,
3,
3,
3,
3,
3,
3,
3,
1,
3,
3,
3,
3,
3,
3,
3,
3,
3,
3,
3,
1,
3,
3,
1,
3,
3,
1,
3,
3,
3,
3,
3,
3,
3,
3,
3,
3,
3,
3,
3,
3,
3,
3,
3,
1,
3,
3,
3,
3,
3,
1,
3,
3,
3,
3,
3,
3,
3,
3,
3,
3,
3,
3,
3,
3,
3,
3,
3,
1,
3,
3,
1,
3,
3,
1,
3,
3,
1,
3,
3,
1,
3,
3,
3,
3,
3,
1,
3,
3,
3,
3,
3,
1,
3,
3,
3,
3,
3,
1,
3,
1,
1,
3,
3,
1,
3,
3,
3,
3,
3,
3,
3,
3,
1,
3,
3,
1,
3,
3,
3,
3,
3,
1,
3,
3,
6,
29,
53,
61,
63,
61,
56,
51,
50,
48,
46,
45,
42,
40,
37,
35,
35,
34,
30,
29,
29,
27,
27,
26,
24,
24,
22,
22,
22,
21,
19,
19,
19,
18,
18,
16,
16,
16,
16,
14,
14,
14,
14,
14,
13,
13,
13,
13,
11,
13,
11,
11,
11,
11,
9,
11,
9,
9,
9,
9,
9,
9,
9,
8,
8,
8,
8,
8,
8,
6,
8,
8,
8,
8,
8,
6,
8,
6,
6,
8,
6,
6,
8,
6,
6,
6,
6,
6,
6,
6,
6,
8,
6,
6,
6,
6,
6,
6,
6,
6,
6,
6,
6,
6,
6,
6,
6,
6,
6,
6,
6,
6,
6,
6,
6,
6,
6,
5,
6,
6,
6,
6,
6,
5,
6,
6,
5,
6,
6,
5,
6,
6,
6,
6,
5,
5,
6,
6,
5,
6,
6,
6,
6,
6,
5,
6,
6,
6,
6,
6,
5,
6,
6,
5,
6,
6,
6,
6,
5,
5,
6,
5,
5,
5,
5,
5,
6,
6,
6,
6,
5,
5,
6,
6,
5,
5,
6,
5,
6,
6,
5,
5,
6,
5,
6,
5,
5,
6,
6,
5,
6,
5,
5,
6,
6,
5,
6,
5,
5,
6,
6,
5,
6,
6,
5,
5,
5,
5,
6,
5,
5,
6,
6,
5,
6,
6,
6,
6,
5,
5,
6,
5,
5,
6,
6,
5,
6,
6,
6,
6,
5,
5,
6,
6,
5,
6,
6,
5,
6,
6,
5,
6,
5,
5,
6,
5,
5,
6,
6,
5,
6,
6,
5,
6,
5,
5,
6,
5,
5,
6,
6,
5,
6,
6,
6,
6,
5,
5,
5,
5,
5,
6,
6,
5,
6,
5,
6,
6,
5,
5,
6,
5,
5,
6,
6,
5,
6,
5,
5,
5,
5,
5,
6,
5,
5,
6,
5,
5,
6,
6,
5,
5,
5,
5,
5,
5,
5,
6,
5,
5,
6,
5,
5,
6,
5,
5,
6,
5,
5,
6,
5,
5,
6,
6,
5,
6,
5,
5,
5,
5,
5,
6,
5,
5,
6,
5,
5,
5,
5,
5,
5,
5,
5,
5,
5,
5,
6,
5,
5,
5,
5,
5,
5,
5,
5,
6,
5,
5,
6,
5,
5,
5,
5,
5,
5,
5,
5,
5,
5,
5,
6,
5,
5,
5,
5,
5,
5,
5,
5,
5,
5,
5,
6,
5,
5,
5,
5,
5,
5,
5,
5,
5,
5,
5,
6,
5,
5,
5,
5,
5,
5,
5,
5,
5,
5,
5,
6,
5,
5,
5,
5,
5,
5,
5,
5,
5,
5,
5,
6,
5,
5,
5,
5,
5,
5,
5,
5,
5,
5,
5,
6,
5,
5,
5,
5,
5,
5,
5,
5,
5,
5,
5,
6,
5,
5,
5,
5,
5,
5,
5,
5,
5,
5,
5,
6,
5,
5,
5,
5,
5,
5,
5,
3,
5,
5,
5,
6,
5,
5,
5,
5,
5,
5,
5,
5,
5,
5,
5,
5,
5,
5,
5,
5,
5,
5,
5,
5,
5,
5,
5,
5,
5,
5,
5,
5,
5,
5,
5,
5,
5,
5,
5,
5,
5,
5,
5,
5,
5,
5,
5,
3,
5,
5,
5,
5,
5,
5,
5,
5,
5,
5,
5,
5,
5,
5,
5,
5,
5,
5,
5,
5,
5,
5,
5,
5,
5,
5,
3,
5,
5,
5,
5,
5,
5,
5,
5,
5,
5,
5,
5,
5,
5,
5,
5,
5,
3,
5,
5,
5,
5,
5,
5,
5,
5,
5,
5,
5,
3,
5,
5,
5,
5,
5,
5,
5,
5,
5,
5,
5,
5,
5,
5,
3,
5,
5,
5,
5,
5,
5,
5,
5,
3,
5,
5,
5,
5,
5,
5,
5,
5,
5,
5,
5,
3,
5,
5,
3,
5,
5,
3,
5,
5,
5,
5,
5,
3,
5,
5,
3,
5,
5,
3,
5,
5,
5,
5,
5,
3,
5,
5,
3,
5,
5,
3,
5,
5,
5,
5,
5,
3,
5,
5,
3,
5,
5,
5,
5,
3,
3,
5,
5,
3,
5,
5,
3,
5,
5,
3,
5,
5,
5,
5,
5,
3,
5,
5,
3,
5,
5,
5,
5,
3,
3,
5,
5,
3,
5,
5,
3,
5,
5,
5,
5,
3,
3,
5,
5,
3,
5,
5,
3,
5,
5,
3,
5,
3,
3,
5,
5,
3,
5,
5,
3,
5,
5,
3,
5,
3,
3,
5,
5,
3,
5,
5,
3,
5,
5,
3,
5,
3,
3,
5,
3,
3,
5,
5,
3,
5,
5,
3,
5,
3,
3,
5,
5,
3,
5,
5,
3,
5,
5,
3,
5,
3,
3,
5,
5,
3,
5,
5,
3,
5,
5,
3,
5,
3,
3,
5,
3,
3,
5,
5,
3,
5,
5,
3,
5,
3,
3,
5,
3,
3,
5,
5,
3,
5,
5,
3,
5,
3,
3,
5,
3,
3,
5,
5,
3,
5,
5,
3,
5,
3,
3,
5,
5,
3,
5,
5,
3,
5,
5,
3,
5,
3,
3,
5,
3,
3,
5,
5,
3,
5,
5,
3,
5,
3,
3,
5,
3,
3,
5,
5,
3,
5,
5,
3,
5,
3,
3,
5,
3,
3,
5,
5,
3,
5,
5,
3,
5,
3,
3,
5,
3,
3,
5,
5,
3,
5,
5,
3,
5,
3,
3,
5,
3,
3,
5,
5,
3,
5,
5,
3,
5,
3,
3,
5,
3,
3,
5,
5,
3,
5,
5,
3,
5,
3,
3,
5,
3,
3,
5,
5,
3,
5,
5,
3,
5,
3,
3,
5,
3,
3,
3,
3,
3,
5,
5,
3,
5,
3,
3,
5,
3,
3,
3,
3,
3,
5,
5,
3,
3,
3,
3,
5,
3,
3,
5,
5,
3,
5,
3,
3,
5,
3,
3,
5,
3,
3,
5,
5,
3,
5,
3,
3,
5,
3,
3,
5,
3,
3,
3,
3,
3,
3,
5,
3,
5,
3,
3,
5,
3,
3,
3,
3,
3,
5,
5,
3,
3,
3,
3,
5,
3,
3,
3,
3,
3,
5,
5,
3,
5,
3,
3,
5,
3,
3,
5,
5,
3,
5,
3,
3,
5,
3,
3,
3,
3,
3,
3,
3,
3,
5,
5,
3,
5,
3,
3,
5,
3,
3,
5,
5,
3,
5,
5,
3,
5,
3,
3,
3,
3,
3,
3,
3,
3,
5,
5,
3,
3,
3,
3,
5,
3,
3,
3,
3,
3,
5,
3,
3,
5,
3,
3,
3,
3,
3,
3,
3,
3,
5,
3,
3,
5,
3,
3,
3,
3,
3,
5,
3,
3,
5,
3,
3,
3,
3,
3,
3,
3,
3,
3,
3,
3,
5,
5,
3,
5,
3,
3,
5,
3,
3,
5,
3,
3,
5,
3,
3,
3,
3,
3,
3,
3,
3,
3,
3,
3,
3,
3,
3,
5,
3,
3,
3,
3,
3,
5,
3,
3,
5,
3,
3,
3,
3,
3,
5,
3,
3,
3,
3,
3,
3,
3,
3,
3,
3,
3,
3,
3,
3,
3,
3,
3,
3,
3,
3,
5,
3,
3,
3,
3,
3,
3,
3,
3,
3,
3,
3,
3,
3,
3,
3,
3,
3,
3,
3,
3,
3,
3,
3,
3,
3,
3,
3,
3,
3,
3,
3,
3,
5,
3,
3,
3,
3,
3,
3,
3,
3,
11,
32,
46,
51,
51,
50,
46,
43,
42,
40,
38,
35,
35,
32,
30,
30,
29,
27,
27,
24,
24,
24,
22,
21,
21,
21,
19,
19,
18,
16,
16,
16,
16,
16,
14,
13,
14,
14,
13,
13,
13,
11,
13,
11,
11,
11,
11,
9,
11,
11,
9,
11,
11,
9,
11,
9,
9,
9,
9,
9,
9,
9,
8,
9,
9,
8,
9,
8,
8,
9,
8,
8,
8,
9,
8,
9,
9,
8,
9,
8,
