Format,1.0B,
Memory Length,10000,
IntpDistance,0,
Trigger Address,4999,
Trigger Level,-1.800E-01,
Source,CH1,
Vertical Units,V,
Vertical Units Div,0,
Vertical Units Extend Div,16,
Label,,
Probe Type,0,
Probe Ratio,1.000e+01,
Vertical Scale,5.000e-01,
Vertical Position,-1.820e+00,
Horizontal Units,S,
Horizontal Scale,2.000E-06,
Horizontal Position,0.000E+00,
Horizontal Mode,Main,
SincET Mode,Real Time,
Sampling Period,2.000e-09,
Horizontal Old Scale,2.000E-06,
Horizontal Old Position,0.000E+00,
Firmware,V1.23,
Mode,Fast,
Waveform Data,
3,
3,
3,
3,
3,
1,
3,
3,
3,
3,
3,
3,
3,
3,
3,
3,
3,
3,
3,
3,
3,
3,
3,
1,
3,
3,
3,
3,
3,
3,
4,
3,
3,
3,
3,
3,
3,
3,
3,
3,
3,
1,
3,
3,
3,
3,
3,
3,
3,
3,
3,
3,
3,
3,
4,
3,
3,
3,
3,
1,
3,
3,
3,
3,
3,
3,
3,
3,
3,
3,
3,
3,
3,
3,
3,
3,
3,
3,
3,
3,
3,
3,
3,
1,
3,
3,
3,
3,
3,
3,
3,
3,
3,
3,
3,
3,
3,
3,
1,
3,
3,
3,
4,
3,
3,
3,
3,
3,
3,
3,
3,
3,
3,
1,
3,
3,
1,
3,
3,
1,
3,
3,
3,
3,
3,
1,
3,
3,
1,
3,
3,
1,
3,
3,
3,
3,
3,
3,
3,
3,
3,
3,
3,
3,
3,
3,
3,
3,
3,
3,
4,
3,
1,
3,
3,
3,
3,
1,
1,
3,
3,
1,
3,
3,
1,
3,
3,
3,
3,
1,
1,
3,
3,
3,
3,
3,
3,
3,
3,
3,
3,
3,
1,
3,
3,
1,
3,
3,
1,
3,
3,
3,
3,
1,
1,
3,
3,
1,
3,
3,
1,
3,
3,
3,
3,
3,
3,
3,
3,
1,
3,
3,
3,
3,
3,
3,
3,
1,
1,
3,
3,
1,
3,
3,
1,
3,
3,
3,
3,
3,
1,
3,
3,
1,
3,
3,
1,
3,
3,
1,
3,
3,
3,
3,
3,
1,
3,
3,
3,
3,
3,
1,
3,
3,
1,
3,
3,
1,
3,
3,
3,
3,
3,
1,
3,
3,
3,
3,
3,
3,
4,
3,
3,
3,
3,
3,
3,
3,
1,
3,
3,
1,
3,
3,
1,
3,
1,
1,
3,
1,
1,
3,
3,
1,
3,
3,
1,
3,
3,
1,
3,
3,
3,
3,
3,
1,
3,
3,
3,
3,
3,
3,
3,
3,
3,
3,
3,
1,
3,
3,
1,
3,
3,
3,
3,
3,
1,
3,
3,
1,
3,
3,
1,
3,
1,
1,
3,
3,
3,
3,
3,
1,
3,
3,
3,
3,
3,
1,
3,
3,
1,
3,
3,
1,
3,
3,
1,
3,
1,
1,
3,
3,
1,
3,
3,
1,
3,
3,
3,
3,
3,
1,
3,
3,
1,
3,
3,
1,
3,
3,
1,
3,
3,
3,
3,
3,
1,
3,
3,
1,
3,
3,
1,
3,
3,
1,
3,
1,
1,
3,
3,
1,
3,
3,
1,
3,
3,
1,
3,
3,
1,
3,
3,
1,
3,
3,
1,
3,
1,
1,
3,
3,
1,
3,
3,
1,
3,
3,
1,
3,
3,
1,
3,
3,
3,
3,
3,
1,
3,
3,
3,
3,
3,
1,
3,
3,
1,
3,
3,
1,
3,
3,
1,
3,
3,
1,
3,
1,
1,
3,
3,
1,
3,
3,
1,
3,
3,
3,
3,
1,
1,
3,
3,
1,
3,
3,
1,
3,
3,
3,
3,
3,
1,
3,
3,
1,
3,
3,
1,
3,
1,
1,
3,
1,
1,
3,
3,
1,
3,
3,
1,
3,
3,
1,
3,
3,
1,
3,
3,
1,
3,
3,
1,
3,
3,
3,
3,
3,
3,
3,
3,
1,
3,
3,
3,
3,
3,
1,
3,
3,
1,
3,
3,
1,
3,
3,
1,
3,
1,
1,
3,
3,
1,
3,
3,
1,
3,
3,
3,
3,
3,
1,
3,
3,
1,
3,
4,
14,
36,
52,
62,
65,
65,
64,
62,
59,
56,
56,
54,
51,
49,
46,
44,
43,
41,
38,
36,
35,
33,
33,
32,
28,
28,
28,
27,
25,
24,
22,
22,
20,
19,
19,
19,
17,
19,
17,
15,
15,
14,
14,
14,
12,
12,
12,
12,
11,
12,
11,
9,
11,
9,
9,
9,
9,
7,
9,
7,
7,
9,
7,
7,
7,
7,
6,
7,
6,
6,
6,
6,
6,
6,
6,
6,
6,
4,
6,
6,
6,
4,
6,
4,
4,
4,
6,
4,
6,
4,
4,
4,
4,
4,
4,
4,
4,
6,
4,
4,
4,
4,
4,
4,
4,
4,
4,
4,
4,
4,
4,
4,
4,
4,
4,
4,
4,
3,
4,
4,
4,
4,
4,
4,
4,
4,
3,
4,
4,
4,
4,
4,
3,
4,
4,
4,
4,
4,
3,
4,
4,
4,
4,
4,
4,
4,
4,
3,
4,
4,
3,
4,
4,
4,
4,
4,
3,
4,
4,
3,
4,
4,
3,
4,
3,
4,
4,
4,
3,
4,
4,
4,
4,
4,
3,
4,
3,
3,
4,
4,
3,
4,
4,
3,
4,
4,
3,
4,
3,
4,
4,
4,
3,
4,
4,
4,
4,
4,
3,
4,
4,
3,
4,
4,
3,
4,
4,
3,
4,
3,
3,
4,
4,
3,
4,
4,
3,
4,
4,
3,
4,
4,
3,
4,
3,
3,
4,
4,
3,
4,
4,
3,
4,
3,
3,
4,
3,
3,
4,
4,
3,
4,
4,
4,
4,
4,
3,
4,
3,
3,
4,
4,
3,
4,
4,
4,
4,
4,
3,
4,
3,
3,
4,
4,
3,
4,
4,
4,
4,
4,
3,
4,
4,
3,
4,
4,
3,
4,
4,
4,
4,
4,
3,
4,
3,
3,
4,
4,
3,
4,
4,
4,
4,
3,
3,
4,
3,
3,
4,
4,
4,
4,
4,
4,
4,
3,
3,
4,
4,
3,
4,
4,
3,
4,
4,
3,
4,
4,
3,
4,
3,
3,
4,
4,
3,
4,
4,
3,
4,
3,
3,
4,
3,
3,
4,
4,
3,
4,
4,
3,
4,
4,
3,
4,
3,
3,
4,
4,
4,
4,
4,
3,
4,
4,
3,
4,
3,
3,
4,
4,
3,
4,
4,
4,
4,
4,
3,
4,
3,
3,
4,
3,
3,
4,
4,
3,
4,
4,
3,
4,
3,
3,
4,
4,
3,
4,
4,
3,
4,
4,
3,
4,
3,
3,
4,
4,
3,
4,
4,
3,
4,
4,
3,
4,
3,
3,
4,
4,
3,
4,
4,
3,
4,
4,
3,
4,
3,
3,
4,
4,
3,
4,
4,
4,
4,
4,
3,
4,
3,
3,
4,
4,
3,
4,
4,
4,
4,
3,
3,
4,
3,
3,
4,
4,
3,
4,
4,
3,
4,
3,
3,
4,
3,
3,
4,
4,
3,
4,
4,
4,
4,
4,
3,
4,
3,
3,
4,
4,
4,
4,
4,
3,
4,
3,
3,
4,
3,
3,
4,
4,
3,
4,
4,
4,
4,
3,
3,
4,
4,
3,
4,
3,
3,
4,
4,
3,
4,
3,
3,
4,
3,
3,
4,
4,
3,
4,
4,
3,
4,
3,
3,
4,
3,
3,
4,
4,
3,
4,
4,
3,
4,
4,
3,
4,
3,
3,
4,
4,
3,
4,
4,
3,
4,
3,
3,
4,
3,
3,
4,
3,
3,
4,
4,
3,
4,
3,
3,
4,
3,
3,
4,
3,
3,
4,
4,
3,
4,
4,
3,
4,
3,
3,
4,
4,
3,
4,
4,
3,
4,
4,
3,
4,
3,
3,
4,
4,
3,
4,
4,
3,
4,
4,
3,
4,
3,
3,
4,
4,
3,
4,
4,
3,
4,
3,
3,
4,
3,
3,
4,
4,
3,
4,
4,
3,
4,
4,
3,
4,
3,
3,
4,
4,
3,
4,
4,
3,
4,
3,
3,
4,
3,
3,
4,
4,
3,
4,
4,
3,
4,
3,
3,
4,
3,
3,
4,
3,
3,
4,
4,
3,
4,
3,
3,
4,
3,
3,
4,
4,
3,
4,
4,
3,
4,
4,
3,
4,
3,
3,
4,
4,
3,
4,
4,
3,
4,
4,
3,
4,
3,
3,
4,
4,
3,
4,
4,
3,
4,
3,
3,
4,
3,
3,
4,
4,
3,
4,
4,
3,
4,
3,
3,
4,
3,
3,
4,
4,
3,
4,
4,
3,
4,
3,
3,
4,
3,
3,
4,
4,
3,
4,
4,
3,
4,
3,
3,
4,
3,
3,
3,
3,
3,
4,
4,
3,
4,
4,
3,
4,
3,
3,
4,
4,
3,
4,
4,
3,
4,
3,
3,
4,
3,
3,
4,
4,
3,
4,
4,
3,
4,
3,
3,
4,
3,
3,
4,
4,
3,
4,
4,
3,
4,
3,
3,
4,
3,
3,
3,
3,
3,
4,
4,
3,
4,
3,
3,
4,
3,
3,
4,
4,
3,
4,
4,
3,
4,
3,
3,
4,
3,
3,
4,
4,
3,
4,
4,
3,
4,
3,
3,
4,
3,
3,
4,
4,
3,
4,
4,
3,
4,
3,
3,
4,
3,
3,
4,
4,
3,
4,
4,
3,
4,
3,
3,
4,
3,
3,
4,
4,
3,
4,
4,
3,
4,
3,
3,
4,
3,
3,
4,
3,
3,
4,
3,
3,
4,
3,
3,
4,
3,
3,
4,
4,
3,
4,
4,
3,
4,
3,
3,
4,
3,
3,
4,
4,
3,
4,
4,
3,
4,
3,
3,
4,
3,
3,
4,
4,
3,
4,
3,
3,
3,
3,
3,
3,
3,
3,
3,
3,
3,
4,
4,
3,
4,
3,
3,
4,
3,
3,
4,
4,
3,
4,
4,
3,
4,
3,
3,
4,
3,
3,
4,
4,
3,
4,
4,
3,
4,
3,
3,
3,
3,
3,
3,
3,
3,
4,
3,
3,
4,
3,
3,
4,
3,
3,
4,
4,
3,
4,
4,
3,
4,
3,
3,
3,
3,
3,
4,
4,
3,
4,
3,
3,
4,
3,
3,
4,
3,
3,
3,
3,
3,
4,
4,
3,
4,
3,
3,
4,
3,
3,
4,
4,
3,
4,
4,
3,
4,
3,
3,
4,
3,
3,
3,
3,
3,
4,
4,
3,
4,
3,
3,
3,
3,
3,
4,
4,
3,
4,
4,
3,
4,
3,
3,
3,
3,
3,
4,
4,
3,
4,
4,
3,
4,
3,
3,
4,
3,
3,
4,
4,
3,
4,
4,
3,
4,
3,
3,
4,
3,
3,
3,
3,
3,
4,
4,
3,
4,
3,
3,
3,
3,
3,
4,
3,
3,
4,
4,
3,
4,
3,
3,
4,
3,
3,
3,
3,
3,
4,
3,
3,
3,
3,
3,
3,
3,
3,
4,
4,
3,
4,
3,
3,
4,
3,
3,
3,
3,
3,
3,
3,
3,
4,
3,
3,
4,
3,
3,
3,
3,
3,
3,
3,
3,
4,
4,
3,
4,
3,
3,
3,
3,
3,
3,
3,
3,
4,
3,
3,
4,
3,
3,
3,
3,
3,
4,
4,
3,
4,
3,
3,
4,
3,
3,
4,
3,
3,
4,
3,
3,
4,
3,
3,
4,
3,
3,
3,
3,
3,
3,
3,
3,
4,
3,
3,
4,
3,
3,
4,
3,
3,
3,
3,
3,
4,
3,
3,
4,
3,
3,
3,
3,
3,
4,
4,
3,
4,
3,
3,
4,
3,
3,
3,
3,
3,
4,
3,
3,
4,
4,
3,
4,
3,
3,
3,
3,
3,
3,
3,
3,
4,
4,
3,
3,
3,
3,
4,
3,
3,
3,
3,
3,
4,
3,
3,
4,
3,
3,
3,
3,
3,
3,
3,
3,
4,
3,
3,
3,
3,
3,
3,
3,
3,
3,
3,
3,
4,
4,
3,
4,
3,
3,
3,
3,
3,
3,
3,
3,
4,
4,
3,
4,
3,
3,
3,
3,
3,
3,
3,
3,
4,
4,
3,
4,
3,
3,
4,
3,
3,
4,
4,
3,
4,
3,
3,
4,
3,
3,
3,
3,
3,
3,
3,
3,
3,
4,
3,
3,
3,
3,
3,
3,
3,
3,
3,
3,
4,
3,
3,
3,
3,
3,
3,
3,
3,
3,
3,
3,
4,
3,
3,
4,
3,
3,
3,
3,
3,
4,
4,
3,
4,
3,
3,
3,
3,
3,
4,
3,
3,
4,
4,
3,
4,
3,
3,
4,
3,
3,
3,
3,
3,
4,
4,
3,
4,
3,
3,
3,
3,
3,
3,
3,
3,
3,
3,
3,
4,
3,
3,
4,
3,
3,
3,
3,
3,
3,
3,
3,
4,
3,
3,
4,
3,
3,
3,
3,
3,
3,
3,
3,
4,
3,
3,
4,
3,
3,
3,
3,
3,
3,
3,
3,
4,
3,
3,
4,
3,
3,
3,
3,
3,
3,
3,
3,
4,
3,
3,
3,
3,
3,
3,
3,
3,
3,
3,
3,
4,
3,
3,
3,
3,
3,
4,
3,
3,
3,
3,
3,
4,
3,
3,
4,
3,
3,
3,
3,
3,
4,
4,
3,
4,
3,
3,
4,
3,
3,
3,
3,
3,
3,
3,
3,
4,
4,
3,
4,
3,
3,
3,
3,
3,
4,
3,
3,
4,
3,
3,
3,
3,
3,
4,
3,
3,
3,
3,
3,
4,
3,
3,
4,
3,
3,
3,
3,
3,
3,
3,
3,
4,
3,
3,
3,
3,
3,
3,
3,
3,
3,
3,
3,
4,
3,
3,
3,
3,
3,
3,
3,
3,
3,
3,
3,
4,
3,
3,
3,
3,
3,
3,
3,
3,
3,
3,
3,
4,
3,
3,
4,
3,
3,
3,
3,
3,
4,
3,
3,
4,
3,
3,
4,
3,
3,
3,
3,
3,
3,
3,
3,
4,
3,
3,
4,
3,
3,
3,
3,
3,
3,
3,
3,
4,
3,
3,
4,
3,
3,
3,
3,
3,
3,
3,
3,
4,
3,
3,
4,
3,
3,
3,
3,
3,
3,
3,
3,
4,
3,
3,
3,
3,
3,
3,
3,
3,
3,
3,
3,
4,
3,
3,
4,
3,
3,
3,
3,
3,
3,
3,
3,
4,
4,
3,
3,
3,
3,
4,
3,
3,
3,
3,
3,
4,
4,
3,
3,
3,
3,
3,
3,
3,
3,
3,
3,
4,
3,
3,
4,
3,
3,
3,
3,
3,
3,
3,
3,
4,
4,
3,
4,
3,
3,
3,
3,
3,
3,
3,
3,
4,
3,
3,
3,
3,
3,
4,
3,
3,
3,
3,
3,
4,
3,
3,
3,
3,
3,
3,
3,
3,
3,
3,
3,
3,
3,
3,
4,
3,
3,
3,
3,
3,
3,
3,
3,
4,
3,
3,
4,
3,
3,
3,
3,
3,
3,
3,
3,
4,
3,
3,
3,
3,
3,
4,
3,
3,
3,
3,
3,
4,
3,
3,
3,
3,
3,
3,
3,
3,
3,
3,
3,
4,
3,
3,
4,
3,
3,
3,
3,
3,
3,
3,
3,
4,
3,
3,
4,
3,
3,
3,
3,
3,
3,
3,
3,
3,
3,
3,
3,
3,
3,
3,
3,
3,
3,
3,
3,
4,
3,
3,
3,
3,
3,
3,
3,
3,
3,
3,
3,
4,
3,
3,
3,
3,
3,
3,
3,
3,
3,
3,
3,
4,
3,
3,
3,
3,
3,
3,
3,
3,
3,
3,
3,
4,
3,
3,
3,
3,
3,
3,
3,
3,
3,
3,
3,
4,
3,
3,
3,
3,
3,
3,
3,
3,
3,
3,
3,
4,
3,
3,
4,
3,
3,
3,
3,
3,
3,
3,
3,
4,
3,
3,
4,
3,
3,
3,
3,
3,
4,
3,
3,
4,
3,
3,
3,
3,
3,
3,
3,
1,
3,
3,
1,
3,
3,
3,
3,
3,
3,
3,
3,
3,
3,
3,
3,
4,
3,
3,
4,
3,
3,
3,
3,
3,
3,
3,
3,
3,
3,
3,
3,
3,
3,
3,
3,
1,
3,
3,
3,
3,
3,
3,
3,
3,
3,
3,
3,
3,
3,
3,
3,
4,
3,
3,
4,
3,
3,
3,
3,
3,
3,
3,
3,
4,
3,
3,
3,
3,
3,
3,
3,
1,
3,
3,
3,
3,
3,
3,
3,
3,
3,
3,
3,
3,
3,
3,
3,
4,
3,
3,
3,
3,
3,
3,
3,
3,
3,
3,
3,
4,
3,
3,
4,
3,
3,
3,
3,
3,
3,
3,
3,
4,
3,
3,
3,
3,
3,
3,
3,
3,
3,
3,
3,
4,
3,
3,
3,
3,
3,
3,
3,
3,
3,
3,
3,
3,
3,
3,
3,
3,
3,
3,
3,
3,
3,
3,
3,
4,
3,
3,
3,
3,
3,
3,
3,
3,
3,
3,
3,
3,
3,
3,
3,
3,
3,
3,
3,
3,
3,
3,
3,
3,
3,
3,
3,
3,
3,
3,
3,
3,
3,
3,
3,
3,
3,
3,
3,
3,
3,
3,
3,
3,
3,
3,
3,
4,
3,
3,
4,
3,
3,
3,
3,
3,
3,
3,
3,
3,
3,
3,
3,
3,
3,
3,
3,
1,
3,
3,
3,
3,
3,
1,
3,
3,
3,
3,
3,
3,
3,
3,
3,
3,
3,
3,
4,
3,
3,
3,
3,
3,
3,
3,
3,
3,
3,
3,
3,
3,
1,
3,
3,
3,
3,
3,
1,
3,
3,
3,
3,
3,
3,
3,
3,
3,
3,
3,
3,
4,
3,
3,
3,
3,
3,
3,
3,
3,
3,
3,
3,
3,
3,
1,
3,
3,
3,
3,
3,
1,
3,
3,
3,
3,
3,
3,
3,
3,
3,
3,
3,
1,
3,
3,
3,
3,
3,
3,
3,
3,
3,
3,
3,
3,
3,
3,
3,
3,
3,
3,
3,
3,
3,
3,
3,
1,
3,
3,
1,
3,
3,
1,
3,
3,
1,
3,
3,
3,
3,
3,
1,
3,
3,
3,
3,
3,
3,
3,
3,
3,
3,
3,
3,
3,
3,
3,
3,
3,
3,
3,
3,
1,
3,
3,
3,
3,
3,
3,
3,
3,
3,
3,
3,
1,
3,
3,
3,
3,
3,
3,
3,
3,
1,
3,
3,
3,
3,
3,
3,
3,
3,
3,
3,
3,
1,
3,
3,
3,
3,
3,
1,
3,
3,
3,
3,
3,
3,
3,
3,
3,
3,
3,
3,
4,
3,
3,
3,
3,
1,
3,
3,
3,
3,
3,
3,
3,
3,
1,
3,
3,
1,
3,
3,
3,
3,
3,
1,
3,
3,
3,
3,
1,
1,
3,
3,
3,
3,
3,
1,
3,
3,
3,
3,
1,
1,
3,
3,
3,
3,
3,
1,
3,
3,
3,
3,
3,
3,
3,
1,
1,
3,
3,
3,
3,
3,
1,
3,
3,
3,
3,
3,
3,
3,
3,
1,
3,
3,
3,
4,
3,
3,
3,
3,
3,
3,
3,
1,
3,
3,
3,
3,
3,
1,
3,
3,
3,
3,
3,
3,
3,
3,
1,
3,
3,
3,
3,
3,
3,
3,
3,
3,
3,
3,
1,
3,
1,
1,
3,
3,
1,
3,
3,
3,
4,
3,
3,
3,
3,
3,
3,
3,
1,
3,
3,
1,
3,
3,
1,
3,
3,
3,
3,
3,
1,
3,
3,
1,
3,
3,
3,
3,
3,
1,
3,
3,
3,
3,
3,
3,
4,
3,
3,
3,
3,
1,
3,
3,
1,
3,
3,
1,
3,
3,
3,
3,
3,
3,
3,
3,
1,
3,
3,
1,
3,
3,
1,
3,
3,
1,
3,
3,
3,
3,
3,
1,
3,
3,
3,
3,
3,
1,
3,
3,
1,
3,
3,
1,
3,
3,
1,
3,
3,
3,
3,
3,
1,
3,
3,
1,
3,
3,
3,
3,
3,
3,
3,
3,
1,
3,
3,
3,
4,
3,
1,
3,
3,
3,
3,
3,
1,
3,
3,
1,
3,
3,
1,
3,
3,
1,
3,
1,
1,
3,
3,
1,
3,
3,
1,
3,
3,
3,
3,
3,
3,
3,
3,
1,
3,
3,
3,
3,
1,
1,
3,
3,
1,
3,
3,
3,
4,
3,
1,
3,
3,
3,
3,
3,
1,
3,
3,
1,
3,
3,
1,
3,
3,
3,
3,
3,
1,
3,
3,
1,
3,
3,
1,
3,
3,
3,
3,
3,
3,
3,
3,
1,
3,
3,
1,
3,
3,
3,
3,
3,
1,
3,
3,
3,
3,
3,
1,
3,
3,
3,
3,
3,
1,
3,
3,
3,
3,
3,
3,
3,
3,
1,
3,
3,
1,
3,
3,
1,
3,
3,
1,
3,
3,
3,
3,
3,
1,
3,
3,
1,
3,
3,
3,
3,
3,
1,
3,
1,
1,
3,
3,
1,
3,
3,
1,
3,
3,
1,
3,
3,
1,
3,
3,
1,
3,
3,
3,
3,
3,
1,
3,
3,
1,
3,
3,
1,
3,
3,
1,
3,
3,
3,
3,
3,
1,
3,
3,
1,
3,
3,
1,
3,
3,
1,
3,
3,
1,
3,
3,
1,
3,
3,
1,
3,
3,
1,
3,
3,
3,
3,
3,
1,
3,
3,
3,
3,
3,
1,
3,
3,
3,
3,
3,
1,
3,
3,
3,
3,
1,
1,
3,
3,
1,
3,
3,
1,
3,
3,
3,
3,
3,
1,
3,
3,
1,
3,
3,
1,
3,
3,
1,
3,
3,
1,
3,
3,
1,
3,
3,
1,
3,
3,
3,
3,
3,
1,
3,
3,
1,
3,
3,
1,
3,
3,
3,
3,
3,
1,
3,
3,
1,
3,
3,
1,
3,
3,
3,
3,
3,
1,
3,
3,
1,
3,
3,
3,
3,
3,
1,
3,
3,
3,
3,
3,
1,
3,
3,
1,
3,
3,
1,
3,
3,
1,
3,
3,
3,
3,
3,
1,
3,
3,
1,
3,
1,
1,
3,
3,
1,
3,
3,
1,
3,
3,
3,
3,
3,
1,
3,
3,
1,
3,
3,
1,
3,
3,
1,
3,
3,
1,
3,
1,
1,
3,
3,
1,
3,
3,
3,
3,
3,
1,
3,
3,
1,
3,
3,
1,
3,
3,
3,
3,
3,
3,
3,
3,
1,
3,
3,
1,
3,
3,
3,
3,
3,
1,
3,
3,
1,
3,
3,
1,
3,
3,
1,
3,
1,
1,
3,
1,
1,
3,
3,
1,
3,
3,
1,
3,
3,
1,
3,
3,
1,
3,
3,
3,
4,
3,
3,
3,
3,
3,
3,
3,
1,
3,
3,
1,
3,
3,
3,
3,
3,
1,
3,
1,
1,
3,
3,
1,
3,
3,
1,
3,
3,
1,
3,
3,
1,
3,
3,
1,
3,
3,
3,
3,
3,
1,
3,
3,
3,
3,
3,
1,
3,
3,
1,
3,
3,
3,
3,
3,
1,
3,
3,
1,
3,
3,
1,
3,
1,
1,
3,
3,
1,
3,
3,
3,
4,
3,
3,
3,
3,
3,
3,
3,
3,
3,
3,
3,
3,
3,
3,
3,
3,
1,
3,
1,
1,
3,
3,
1,
3,
3,
1,
3,
1,
1,
3,
3,
1,
3,
3,
1,
3,
3,
3,
3,
3,
1,
3,
3,
1,
3,
3,
1,
3,
3,
1,
3,
3,
1,
3,
3,
3,
3,
3,
1,
3,
3,
3,
3,
3,
1,
3,
3,
1,
3,
3,
1,
3,
3,
1,
3,
3,
1,
3,
3,
1,
3,
3,
1,
3,
3,
3,
3,
3,
1,
3,
1,
1,
3,
3,
1,
3,
3,
1,
3,
3,
1,
3,
3,
1,
3,
3,
1,
3,
3,
1,
3,
3,
1,
3,
3,
3,
3,
3,
1,
3,
3,
1,
3,
1,
1,
3,
3,
1,
3,
3,
1,
3,
3,
1,
3,
3,
1,
3,
3,
1,
3,
3,
1,
3,
3,
1,
3,
3,
1,
3,
3,
1,
3,
3,
1,
3,
3,
1,
3,
3,
3,
3,
3,
1,
3,
3,
1,
3,
3,
1,
3,
1,
1,
3,
3,
1,
3,
3,
1,
3,
3,
3,
3,
3,
1,
3,
3,
1,
3,
3,
1,
3,
3,
1,
3,
3,
1,
3,
3,
1,
3,
3,
1,
3,
3,
1,
3,
3,
1,
3,
3,
1,
3,
3,
1,
3,
3,
1,
3,
3,
1,
3,
3,
1,
3,
3,
1,
3,
3,
1,
3,
3,
1,
3,
3,
1,
3,
3,
1,
3,
3,
1,
3,
3,
1,
3,
3,
1,
3,
3,
1,
3,
3,
1,
3,
3,
1,
3,
3,
1,
3,
3,
1,
3,
3,
1,
3,
1,
1,
3,
3,
1,
3,
3,
1,
3,
3,
1,
3,
3,
1,
3,
3,
1,
3,
3,
1,
3,
3,
1,
3,
1,
1,
3,
3,
3,
3,
3,
1,
3,
3,
1,
3,
1,
1,
3,
3,
1,
3,
3,
1,
3,
3,
1,
3,
3,
1,
3,
3,
1,
3,
3,
1,
3,
3,
1,
3,
1,
1,
3,
3,
1,
3,
3,
3,
3,
3,
1,
3,
1,
1,
3,
3,
1,
3,
3,
1,
3,
3,
1,
3,
3,
1,
3,
1,
1,
3,
3,
1,
3,
3,
1,
3,
3,
1,
3,
3,
1,
3,
3,
1,
3,
3,
3,
3,
1,
1,
3,
3,
1,
3,
3,
1,
3,
3,
1,
3,
1,
1,
3,
3,
1,
3,
3,
1,
3,
3,
1,
3,
3,
1,
3,
1,
1,
3,
3,
1,
3,
3,
1,
3,
3,
1,
3,
3,
1,
3,
3,
1,
3,
3,
1,
3,
1,
1,
3,
1,
1,
3,
3,
1,
3,
3,
1,
3,
1,
1,
3,
3,
1,
3,
3,
1,
3,
3,
1,
3,
3,
1,
3,
1,
1,
3,
3,
1,
3,
3,
1,
3,
3,
1,
3,
3,
1,
3,
3,
1,
3,
3,
1,
3,
1,
1,
3,
3,
1,
3,
3,
1,
3,
3,
1,
3,
1,
1,
3,
3,
1,
3,
3,
1,
3,
3,
1,
3,
1,
1,
3,
3,
1,
3,
3,
1,
3,
3,
1,
3,
3,
1,
3,
3,
1,
3,
3,
1,
3,
3,
1,
3,
1,
1,
3,
1,
1,
3,
3,
1,
3,
3,
1,
3,
1,
1,
3,
3,
1,
3,
3,
1,
3,
3,
1,
3,
3,
1,
3,
1,
1,
3,
3,
1,
3,
3,
1,
3,
1,
1,
3,
1,
1,
3,
3,
1,
3,
3,
1,
3,
1,
1,
3,
1,
1,
3,
3,
1,
3,
3,
1,
3,
3,
1,
3,
1,
1,
3,
3,
1,
3,
3,
1,
3,
1,
1,
3,
1,
1,
3,
3,
1,
3,
3,
1,
3,
1,
1,
3,
3,
1,
3,
3,
1,
3,
3,
1,
3,
1,
1,
3,
3,
1,
3,
3,
1,
3,
3,
1,
3,
1,
1,
3,
1,
1,
3,
3,
1,
3,
3,
1,
3,
1,
1,
3,
1,
1,
3,
3,
1,
3,
3,
1,
3,
1,
1,
3,
3,
1,
3,
3,
1,
3,
3,
1,
3,
1,
1,
3,
1,
1,
3,
3,
1,
3,
3,
1,
3,
3,
1,
3,
1,
1,
3,
3,
1,
3,
3,
1,
3,
1,
1,
3,
1,
1,
3,
3,
1,
3,
3,
1,
3,
3,
1,
3,
1,
1,
3,
3,
1,
3,
3,
3,
3,
1,
1,
3,
1,
1,
3,
3,
1,
3,
3,
1,
3,
1,
1,
3,
3,
1,
3,
3,
1,
3,
3,
1,
3,
1,
1,
3,
1,
1,
3,
3,
1,
3,
3,
1,
3,
1,
1,
3,
3,
1,
3,
3,
1,
3,
3,
1,
3,
1,
1,
3,
1,
1,
3,
3,
1,
3,
3,
1,
3,
1,
1,
3,
1,
1,
3,
3,
1,
3,
1,
1,
3,
1,
1,
3,
1,
1,
3,
3,
1,
3,
1,
1,
3,
1,
1,
3,
1,
1,
3,
3,
1,
3,
3,
1,
3,
1,
1,
3,
1,
1,
3,
3,
1,
3,
3,
1,
3,
1,
1,
3,
1,
1,
3,
3,
1,
3,
3,
1,
3,
1,
1,
3,
3,
1,
3,
3,
1,
3,
3,
1,
3,
1,
1,
3,
3,
1,
3,
3,
1,
3,
3,
1,
3,
1,
1,
3,
1,
1,
3,
3,
1,
3,
3,
1,
3,
1,
1,
1,
1,
1,
3,
3,
1,
3,
3,
1,
3,
1,
1,
3,
1,
1,
3,
1,
1,
3,
3,
1,
3,
1,
1,
3,
3,
1,
1,
1,
1,
3,
3,
1,
3,
1,
1,
1,
1,
1,
1,
3,
1,
3,
1,
1,
3,
1,
1,
3,
1,
1,
3,
3,
1,
3,
3,
1,
3,
1,
1,
3,
3,
1,
3,
3,
1,
3,
3,
1,
3,
1,
1,
3,
3,
1,
1,
3,
1,
3,
3,
1,
3,
1,
1,
3,
3,
1,
3,
3,
1,
3,
3,
1,
3,
3,
1,
3,
1,
1,
3,
3,
1,
3,
3,
1,
3,
1,
1,
3,
1,
1,
3,
1,
1,
3,
1,
1,
3,
1,
1,
3,
1,
1,
1,
3,
1,
3,
1,
1,
3,
1,
1,
3,
1,
1,
3,
3,
1,
3,
3,
1,
3,
1,
1,
3,
1,
1,
3,
3,
1,
3,
3,
1,
3,
1,
1,
3,
3,
1,
3,
3,
1,
3,
3,
1,
3,
1,
1,
3,
3,
1,
3,
3,
1,
3,
3,
1,
3,
1,
1,
3,
1,
1,
3,
3,
1,
3,
3,
1,
3,
1,
1,
3,
1,
1,
3,
3,
1,
3,
1,
1,
3,
1,
1,
3,
1,
1,
3,
1,
1,
3,
3,
1,
3,
1,
1,
3,
1,
1,
3,
3,
1,
3,
3,
1,
3,
1,
1,
3,
3,
1,
3,
3,
1,
3,
3,
1,
3,
1,
1,
3,
1,
1,
3,
3,
1,
3,
3,
1,
3,
1,
1,
3,
1,
1,
3,
3,
1,
3,
1,
1,
3,
1,
1,
3,
3,
1,
3,
3,
1,
3,
3,
3,
3,
1,
1,
3,
3,
1,
3,
3,
1,
3,
3,
1,
3,
1,
1,
3,
1,
1,
1,
1,
1,
3,
1,
1,
3,
1,
1,
3,
1,
1,
3,
3,
1,
3,
3,
1,
3,
1,
1,
3,
3,
1,
3,
3,
1,
3,
1,
1,
3,
1,
1,
1,
1,
1,
1,
3,
1,
3,
1,
1,
3,
1,
1,
3,
1,
1,
3,
3,
1,
3,
3,
1,
3,
3,
1,
3,
3,
3,
3,
3,
1,
3,
3,
1,
3,
1,
1,
3,
1,
1,
1,
1,
1,
3,
3,
1,
3,
1,
1,
3,
1,
1,
3,
3,
1,
3,
3,
1,
3,
3,
1,
3,
1,
1,
3,
3,
1,
3,
3,
1,
3,
1,
1,
3,
1,
1,
3,
1,
1,
3,
1,
1,
3,
1,
1,
3,
1,
1,
3,
3,
1,
3,
1,
1,
3,
3,
1,
3,
1,
1,
3,
3,
1,
3,
3,
1,
3,
1,
1,
3,
3,
1,
3,
3,
1,
3,
1,
1,
3,
1,
1,
3,
1,
1,
3,
3,
1,
3,
1,
1,
3,
1,
1,
3,
1,
1,
3,
3,
1,
3,
3,
1,
3,
1,
1,
3,
1,
1,
3,
3,
1,
3,
3,
1,
3,
1,
1,
3,
1,
1,
3,
3,
1,
3,
3,
1,
3,
1,
1,
3,
1,
1,
3,
3,
1,
3,
3,
1,
3,
1,
1,
3,
1,
1,
3,
3,
1,
3,
3,
1,
3,
1,
1,
3,
3,
1,
3,
3,
1,
3,
3,
1,
3,
1,
1,
3,
1,
1,
1,
3,
1,
3,
3,
1,
3,
1,
1,
3,
1,
1,
3,
3,
1,
3,
3,
1,
3,
1,
1,
3,
1,
1,
3,
3,
1,
3,
3,
1,
3,
1,
1,
3,
1,
1,
3,
3,
1,
3,
3,
1,
3,
1,
1,
3,
1,
1,
3,
3,
1,
3,
3,
1,
3,
1,
1,
1,
1,
1,
3,
3,
1,
3,
1,
1,
3,
1,
1,
3,
1,
1,
3,
3,
1,
3,
1,
1,
3,
1,
1,
1,
1,
1,
3,
3,
1,
3,
1,
1,
3,
1,
1,
3,
1,
1,
3,
3,
1,
3,
1,
1,
3,
1,
1,
3,
1,
1,
3,
3,
1,
3,
1,
1,
3,
1,
1,
3,
1,
1,
3,
3,
1,
3,
3,
1,
3,
1,
1,
3,
1,
1,
3,
3,
1,
3,
3,
1,
3,
1,
1,
3,
1,
1,
3,
3,
1,
3,
3,
1,
3,
1,
1,
3,
1,
1,
3,
3,
1,
3,
3,
1,
3,
1,
1,
1,
1,
1,
3,
3,
1,
3,
1,
1,
3,
1,
1,
3,
3,
1,
3,
3,
1,
3,
3,
1,
3,
1,
1,
3,
1,
1,
3,
3,
1,
3,
3,
1,
3,
1,
1,
3,
1,
1,
3,
3,
1,
3,
1,
1,
3,
1,
1,
3,
1,
1,
3,
3,
1,
3,
3,
1,
3,
1,
1,
3,
1,
1,
3,
1,
1,
3,
3,
1,
3,
1,
1,
1,
1,
1,
3,
1,
1,
3,
3,
1,
3,
1,
1,
3,
1,
1,
3,
3,
1,
3,
3,
1,
3,
1,
1,
3,
1,
1,
1,
3,
1,
3,
3,
1,
3,
1,
1,
3,
1,
1,
3,
3,
1,
3,
3,
1,
3,
1,
1,
1,
1,
1,
3,
3,
1,
3,
1,
1,
3,
1,
1,
1,
1,
1,
3,
3,
1,
3,
1,
1,
3,
1,
1,
1,
1,
1,
3,
3,
1,
3,
3,
1,
3,
1,
1,
3,
3,
1,
3,
3,
1,
3,
3,
1,
3,
1,
1,
3,
1,
1,
3,
3,
1,
3,
3,
1,
3,
1,
1,
3,
1,
1,
3,
3,
1,
3,
1,
1,
3,
1,
1,
3,
3,
1,
3,
1,
1,
3,
3,
1,
3,
1,
1,
1,
1,
1,
3,
3,
1,
3,
1,
1,
3,
1,
1,
1,
1,
1,
3,
3,
1,
3,
3,
1,
3,
1,
1,
3,
1,
1,
3,
1,
1,
3,
1,
1,
3,
1,
1,
1,
1,
1,
3,
3,
1,
3,
3,
1,
3,
1,
1,
3,
3,
1,
1,
1,
1,
3,
3,
1,
3,
1,
1,
3,
1,
1,
3,
3,
1,
3,
1,
1,
3,
1,
1,
3,
1,
1,
3,
3,
1,
3,
1,
1,
3,
1,
1,
1,
1,
1,
3,
3,
1,
3,
1,
1,
3,
1,
1,
3,
1,
1,
3,
3,
1,
3,
3,
1,
3,
1,
1,
3,
1,
1,
3,
3,
1,
3,
3,
1,
3,
1,
1,
3,
3,
1,
3,
1,
1,
3,
1,
1,
3,
1,
1,
3,
1,
1,
1,
1,
1,
3,
1,
1,
3,
1,
1,
3,
1,
1,
3,
3,
1,
3,
1,
1,
3,
1,
1,
3,
1,
1,
3,
3,
1,
3,
3,
1,
3,
1,
1,
3,
1,
1,
1,
1,
1,
3,
1,
1,
3,
1,
1,
3,
3,
1,
3,
3,
1,
3,
1,
1,
3,
1,
1,
3,
1,
1,
3,
3,
1,
3,
3,
1,
3,
1,
1,
1,
1,
1,
1,
1,
1,
3,
1,
1,
3,
1,
1,
1,
1,
1,
3,
3,
1,
3,
3,
1,
3,
1,
1,
3,
3,
1,
1,
1,
1,
3,
1,
1,
3,
1,
1,
3,
1,
1,
1,
3,
1,
3,
1,
1,
3,
1,
1,
1,
1,
1,
3,
3,
1,
3,
1,
1,
3,
1,
1,
3,
1,
1,
3,
3,
1,
3,
1,
1,
3,
1,
1,
3,
1,
1,
1,
1,
1,
3,
1,
1,
3,
1,
1,
3,
1,
1,
3,
3,
1,
3,
1,
1,
3,
1,
1,
3,
1,
1,
1,
1,
1,
3,
1,
1,
3,
1,
1,
3,
1,
1,
3,
1,
1,
3,
1,
1,
3,
1,
1,
3,
1,
1,
1,
3,
1,
3,
1,
1,
3,
1,
1,
1,
1,
1,
3,
3,
1,
3,
1,
1,
3,
1,
1,
1,
1,
1,
3,
3,
1,
3,
1,
1,
3,
1,
1,
3,
1,
1,
3,
3,
1,
3,
1,
1,
3,
1,
1,
3,
1,
1,
1,
1,
1,
3,
1,
1,
3,
1,
1,
3,
1,
1,
1,
1,
1,
3,
1,
1,
3,
1,
1,
3,
1,
1,
3,
3,
1,
3,
3,
1,
3,
1,
1,
3,
1,
1,
3,
1,
1,
3,
1,
1,
3,
1,
1,
3,
1,
1,
1,
1,
1,
3,
1,
1,
3,
1,
1,
1,
1,
1,
3,
3,
1,
3,
1,
1,
3,
1,
1,
3,
1,
1,
1,
1,
1,
3,
1,
1,
3,
1,
1,
3,
1,
1,
3,
1,
1,
3,
1,
1,
3,
1,
1,
3,
1,
1,
3,
3,
1,
3,
1,
1,
3,
1,
1,
3,
1,
1,
1,
1,
1,
3,
1,
1,
3,
1,
1,
1,
1,
1,
1,
1,
1,
3,
1,
1,
3,
1,
1,
1,
1,
1,
1,
1,
1,
3,
1,
1,
3,
1,
1,
1,
1,
1,
1,
1,
1,
3,
1,
1,
3,
1,
1,
1,
1,
1,
1,
1,
1,
3,
1,
1,
3,
1,
1,
1,
1,
1,
3,
3,
1,
3,
1,
1,
3,
3,
1,
3,
1,
3,
3,
3,
1,
3,
3,
1,
3,
1,
1,
3,
1,
1,
3,
3,
1,
3,
3,
1,
3,
1,
1,
3,
1,
1,
1,
1,
1,
3,
1,
1,
3,
1,
1,
3,
1,
1,
1,
1,
-1,
3,
1,
1,
3,
1,
1,
1,
1,
1,
1,
1,
1,
3,
1,
1,
3,
1,
1,
3,
1,
1,
1,
1,
1,
3,
1,
1,
3,
1,
1,
3,
1,
1,
1,
3,
1,
3,
1,
1,
3,
1,
1,
3,
1,
1,
1,
3,
1,
3,
1,
1,
3,
1,
1,
1,
1,
1,
1,
1,
1,
3,
1,
1,
3,
1,
1,
1,
1,
1,
1,
1,
1,
3,
1,
1,
3,
1,
1,
1,
1,
1,
1,
1,
1,
3,
1,
1,
3,
1,
1,
3,
1,
1,
3,
3,
1,
3,
1,
1,
3,
1,
1,
3,
1,
1,
3,
3,
1,
3,
1,
1,
3,
1,
1,
1,
1,
1,
1,
1,
1,
3,
1,
1,
3,
1,
1,
1,
1,
1,
1,
1,
1,
3,
1,
1,
3,
1,
1,
1,
1,
1,
1,
1,
1,
3,
1,
1,
3,
1,
1,
3,
1,
1,
3,
3,
1,
3,
1,
1,
3,
1,
1,
1,
1,
1,
3,
3,
1,
3,
1,
1,
3,
1,
1,
1,
1,
1,
1,
1,
1,
3,
1,
1,
3,
1,
1,
3,
1,
1,
1,
1,
1,
3,
1,
1,
3,
1,
1,
3,
1,
1,
1,
1,
1,
3,
1,
1,
3,
1,
1,
3,
1,
1,
3,
3,
1,
3,
1,
1,
3,
1,
1,
1,
1,
1,
3,
3,
1,
3,
1,
1,
3,
1,
1,
3,
1,
1,
1,
1,
1,
3,
1,
1,
3,
1,
1,
1,
1,
1,
1,
1,
1,
3,
1,
1,
3,
1,
1,
1,
1,
1,
3,
1,
-1,
3,
1,
1,
3,
1,
1,
1,
1,
1,
1,
1,
1,
3,
1,
1,
3,
1,
1,
1,
1,
1,
1,
3,
1,
3,
3,
1,
3,
1,
1,
3,
1,
1,
3,
3,
1,
3,
1,
1,
3,
1,
1,
1,
1,
1,
3,
3,
1,
3,
1,
1,
3,
1,
1,
3,
1,
1,
1,
3,
1,
3,
1,
1,
3,
1,
1,
3,
1,
1,
1,
1,
1,
3,
1,
1,
3,
1,
1,
1,
1,
1,
3,
3,
1,
3,
1,
1,
3,
1,
1,
1,
1,
1,
1,
1,
1,
3,
1,
1,
3,
1,
1,
1,
1,
1,
1,
1,
1,
3,
1,
1,
3,
1,
1,
3,
1,
1,
1,
1,
1,
3,
1,
1,
3,
1,
1,
3,
1,
1,
1,
1,
1,
3,
1,
1,
3,
1,
1,
1,
1,
1,
3,
1,
1,
3,
1,
1,
3,
1,
1,
3,
1,
1,
3,
3,
1,
3,
1,
1,
3,
1,
1,
3,
1,
1,
1,
1,
1,
3,
1,
1,
3,
1,
1,
3,
1,
1,
1,
1,
1,
3,
1,
1,
3,
1,
1,
1,
1,
1,
1,
3,
1,
3,
1,
1,
3,
1,
1,
3,
1,
1,
1,
1,
1,
3,
1,
1,
3,
1,
1,
3,
1,
1,
1,
1,
1,
3,
1,
1,
3,
1,
1,
1,
1,
1,
1,
3,
1,
3,
1,
1,
3,
1,
1,
1,
1,
1,
1,
1,
1,
3,
1,
1,
3,
1,
1,
3,
1,
1,
3,
3,
1,
3,
1,
1,
3,
1,
1,
3,
1,
1,
1,
1,
1,
3,
1,
1,
3,
1,
1,
1,
1,
1,
1,
1,
1,
3,
1,
1,
3,
1,
1,
1,
1,
1,
1,
1,
1,
3,
1,
1,
3,
1,
1,
3,
1,
1,
1,
1,
1,
3,
1,
1,
3,
1,
1,
3,
1,
1,
3,
1,
1,
3,
1,
1,
3,
1,
1,
3,
1,
1,
3,
3,
1,
3,
1,
1,
3,
1,
1,
3,
1,
1,
1,
1,
1,
3,
1,
1,
3,
1,
1,
3,
1,
1,
1,
1,
1,
3,
1,
1,
3,
1,
1,
1,
1,
1,
1,
1,
1,
3,
1,
1,
3,
1,
1,
3,
1,
1,
3,
3,
1,
3,
1,
1,
3,
1,
1,
3,
1,
1,
3,
3,
1,
3,
1,
1,
3,
1,
1,
1,
1,
1,
3,
3,
1,
3,
1,
1,
3,
1,
1,
1,
1,
1,
1,
3,
1,
3,
1,
1,
3,
1,
1,
1,
1,
1,
1,
1,
1,
3,
1,
1,
3,
1,
1,
3,
1,
1,
1,
1,
1,
3,
1,
1,
3,
1,
1,
3,
1,
1,
3,
3,
1,
3,
1,
1,
3,
1,
1,
3,
1,
1,
1,
1,
1,
3,
1,
1,
3,
1,
1,
3,
1,
1,
3,
3,
1,
3,
1,
1,
3,
1,
1,
3,
1,
1,
1,
1,
1,
3,
1,
1,
3,
1,
1,
1,
1,
1,
1,
1,
1,
3,
1,
1,
3,
1,
1,
1,
1,
1,
3,
3,
1,
3,
3,
1,
3,
1,
1,
1,
1,
1,
1,
1,
1,
3,
1,
1,
1,
1,
1,
1,
1,
1,
1,
1,
1,
3,
1,
1,
3,
1,
1,
3,
1,
1,
3,
3,
1,
3,
1,
1,
3,
1,
1,
3,
1,
1,
3,
3,
1,
3,
1,
1,
3,
1,
1,
1,
1,
1,
1,
1,
1,
3,
1,
1,
3,
1,
1,
3,
1,
1,
1,
1,
1,
3,
3,
1,
3,
1,
1,
1,
1,
1,
1,
1,
1,
3,
1,
1,
3,
1,
1,
1,
1,
1,
3,
1,
1,
3,
1,
1,
3,
1,
1,
1,
1,
1,
3,
1,
1,
3,
1,
1,
3,
1,
1,
1,
1,
1,
1,
1,
1,
3,
1,
1,
3,
1,
1,
1,
1,
1,
1,
1,
1,
3,
1,
1,
3,
1,
1,
1,
1,
1,
1,
1,
1,
3,
1,
1,
3,
1,
1,
1,
1,
1,
3,
1,
1,
3,
1,
1,
3,
1,
1,
3,
1,
1,
3,
3,
1,
3,
1,
1,
3,
1,
1,
3,
1,
1,
3,
3,
1,
3,
1,
1,
3,
1,
1,
3,
1,
1,
1,
1,
1,
3,
1,
1,
3,
1,
1,
3,
1,
1,
1,
1,
1,
3,
1,
1,
3,
1,
1,
3,
1,
1,
3,
3,
1,
3,
1,
1,
3,
1,
1,
1,
1,
1,
1,
1,
1,
3,
1,
1,
3,
1,
1,
1,
1,
1,
3,
1,
1,
3,
1,
1,
3,
1,
1,
1,
1,
1,
3,
3,
1,
3,
1,
1,
3,
1,
1,
3,
1,
1,
3,
3,
1,
3,
1,
1,
3,
1,
1,
3,
1,
1,
1,
1,
1,
3,
1,
1,
3,
1,
1,
1,
1,
1,
1,
1,
1,
3,
1,
1,
3,
1,
1,
3,
1,
1,
3,
1,
1,
3,
1,
1,
3,
1,
1,
3,
1,
1,
1,
1,
1,
3,
1,
1,
3,
1,
1,
3,
1,
1,
3,
3,
1,
3,
1,
1,
3,
1,
1,
3,
1,
1,
1,
1,
1,
3,
3,
1,
3,
1,
1,
3,
1,
1,
1,
1,
1,
3,
1,
1,
1,
1,
1,
3,
1,
1,
1,
1,
1,
3,
1,
1,
3,
1,
1,
3,
1,
1,
3,
3,
1,
3,
1,
1,
3,
1,
1,
3,
1,
1,
1,
1,
1,
3,
1,
1,
3,
1,
1,
1,
1,
1,
3,
1,
1,
3,
1,
1,
3,
1,
1,
1,
1,
1,
1,
1,
1,
3,
1,
1,
3,
1,
1,
1,
1,
1,
1,
1,
1,
3,
1,
1,
1,
1,
1,
3,
1,
1,
1,
3,
1,
3,
1,
1,
3,
1,
1,
3,
1,
1,
1,
1,
1,
3,
1,
1,
3,
1,
1,
1,
1,
1,
1,
1,
1,
3,
1,
1,
3,
1,
1,
3,
1,
1,
1,
1,
1,
3,
1,
1,
3,
1,
1,
1,
1,
1,
1,
1,
1,
3,
1,
1,
3,
1,
1,
1,
1,
1,
1,
1,
1,
3,
1,
1,
3,
1,
1,
3,
1,
1,
1,
1,
1,
3,
1,
1,
1,
1,
1,
1,
1,
1,
1,
1,
1,
3,
1,
1,
3,
1,
1,
3,
1,
1,
1,
1,
1,
3,
1,
1,
1,
1,
1,
3,
1,
1,
3,
1,
1,
3,
1,
1,
3,
1,
1,
3,
1,
1,
1,
1,
1,
3,
1,
1,
3,
1,
1,
3,
1,
1,
1,
1,
-1,
3,
1,
1,
3,
1,
1,
1,
1,
1,
1,
1,
1,
3,
1,
1,
3,
1,
1,
3,
1,
1,
1,
1,
1,
3,
1,
1,
3,
1,
1,
1,
1,
1,
1,
1,
1,
3,
1,
1,
3,
1,
1,
1,
1,
1,
1,
1,
1,
3,
1,
1,
3,
1,
1,
3,
1,
1,
1,
1,
1,
3,
1,
1,
3,
1,
1,
1,
1,
1,
1,
1,
1,
3,
1,
1,
3,
1,
1,
1,
1,
1,
1,
1,
-1,
1,
1,
1,
3,
1,
1,
1,
1,
1,
1,
1,
1,
3,
1,
1,
3,
1,
1,
3,
1,
1,
1,
1,
1,
3,
1,
1,
3,
1,
1,
1,
1,
1,
1,
1,
1,
3,
1,
1,
3,
1,
1,
1,
1,
1,
1,
1,
1,
3,
1,
1,
3,
1,
1,
1,
1,
1,
1,
1,
1,
3,
1,
1,
1,
1,
1,
3,
1,
1,
1,
1,
-1,
3,
1,
1,
3,
1,
1,
3,
1,
1,
1,
1,
1,
3,
1,
1,
3,
1,
1,
1,
1,
1,
1,
1,
1,
3,
1,
1,
3,
1,
1,
1,
1,
1,
1,
1,
-1,
3,
1,
1,
1,
1,
1,
3,
1,
1,
1,
1,
1,
3,
1,
1,
3,
1,
1,
3,
1,
1,
1,
1,
1,
3,
1,
1,
1,
1,
1,
1,
1,
1,
1,
1,
-1,
3,
1,
1,
1,
1,
1,
1,
1,
1,
1,
1,
1,
3,
1,
1,
3,
1,
1,
1,
1,
1,
1,
1,
1,
3,
1,
1,
3,
1,
1,
1,
1,
1,
1,
1,
-1,
1,
1,
1,
3,
1,
1,
1,
1,
1,
1,
1,
-1,
1,
1,
1,
3,
1,
1,
1,
1,
1,
1,
1,
1,
3,
1,
1,
1,
1,
1,
3,
1,
1,
1,
1,
-1,
1,
1,
1,
3,
1,
1,
1,
1,
1,
1,
1,
1,
3,
1,
1,
3,
1,
1,
3,
1,
1,
1,
1,
1,
3,
1,
1,
3,
1,
1,
1,
1,
1,
1,
1,
1,
3,
1,
1,
3,
1,
1,
3,
1,
1,
1,
1,
1,
3,
1,
1,
3,
1,
1,
3,
1,
1,
3,
3,
1,
3,
3,
1,
1,
1,
1,
1,
1,
1,
1,
1,
1,
3,
1,
1,
3,
1,
1,
3,
1,
1,
3,
1,
1,
3,
1,
1,
3,
1,
1,
3,
1,
1,
1,
1,
1,
3,
1,
1,
1,
1,
1,
1,
1,
1,
1,
1,
1,
3,
1,
1,
3,
1,
1,
1,
1,
1,
1,
1,
1,
3,
1,
1,
3,
1,
1,
1,
1,
1,
3,
7,
43,
83,
99,
104,
102,
101,
94,
88,
85,
83,
78,
75,
72,
67,
64,
60,
59,
56,
52,
49,
48,
46,
44,
43,
40,
38,
38,
36,
35,
32,
32,
30,
28,
27,
27,
27,
24,
25,
24,
22,
22,
20,
19,
19,
17,
15,
17,
15,
14,
15,
14,
12,
14,
12,
12,
11,
11,
11,
11,
11,
9,
11,
9,
9,
9,
7,
7,
9,
7,
7,
7,
7,
6,
7,
7,
6,
7,
6,
6,
7,
6,
6,
6,
6,
6,
6,
6,
4,
6,
4,
4,
6,
6,
4,
6,
4,
4,
4,
4,
4,
4,
4,
4,
6,
4,
4,
4,
4,
4,
4,
4,
4,
6,
4,
4,
4,
4,
4,
4,
4,
4,
4,
4,
4,
4,
4,
4,
4,
4,
3,
4,
4,
4,
4,
4,
3,
4,
4,
4,
4,
4,
3,
4,
4,
4,
4,
4,
4,
4,
4,
4,
4,
4,
4,
4,
4,
3,
4,
4,
4,
4,
4,
3,
4,
4,
4,
4,
4,
3,
4,
4,
3,
4,
4,
3,
4,
4,
4,
4,
4,
4,
6,
4,
3,
4,
4,
3,
4,
4,
4,
4,
4,
4,
4,
4,
3,
4,
4,
3,
4,
4,
3,
4,
4,
3,
4,
4,
4,
4,
4,
3,
4,
3,
4,
4,
4,
3,
4,
4,
4,
4,
4,
3,
4,
4,
4,
4,
4,
3,
4,
4,
4,
4,
4,
3,
4,
3,
3,
4,
4,
3,
4,
4,
4,
4,
4,
3,
4,
3,
4,
4,
4,
3,
4,
4,
3,
4,
3,
3,
4,
4,
4,
4,
4,
3,
4,
4,
4,
4,
3,
3,
4,
4,
4,
4,
4,
3,
4,
4,
3,
4,
4,
3,
4,
4,
3,
4,
4,
3,
4,
4,
3,
4,
4,
3,
4,
3,
3,
4,
4,
4,
4,
4,
4,
4,
4,
3,
4,
4,
3,
4,
4,
4,
4,
4,
4,
4,
4,
3,
4,
3,
3,
4,
4,
3,
4,
4,
4,
4,
4,
3,
4,
4,
3,
4,
4,
3,
4,
4,
3,
4,
4,
3,
4,
3,
3,
4,
4,
3,
4,
4,
3,
4,
3,
3,
4,
3,
4,
4,
4,
4,
4,
4,
3,
4,
4,
3,
4,
3,
3,
4,
3,
3,
4,
4,
3,
4,
4,
3,
4,
3,
3,
4,
4,
3,
4,
4,
3,
4,
4,
3,
4,
4,
4,
4,
4,
3,
4,
4,
4,
4,
3,
3,
4,
4,
3,
4,
4,
3,
4,
4,
3,
4,
3,
3,
4,
3,
3,
4,
4,
3,
4,
4,
3,
4,
4,
3,
4,
3,
3,
4,
3,
3,
4,
4,
3,
4,
4,
3,
4,
3,
3,
4,
4,
3,
4,
4,
4,
4,
4,
3,
4,
3,
3,
4,
4,
3,
4,
4,
3,
4,
3,
3,
4,
3,
3,
4,
4,
3,
4,
4,
3,
4,
4,
3,
4,
3,
3,
4,
4,
3,
4,
4,
3,
4,
4,
3,
4,
4,
3,
4,
4,
3,
4,
4,
3,
4,
3,
3,
4,
3,
3,
4,
4,
3,
4,
4,
3,
4,
3,
3,
4,
3,
3,
4,
4,
3,
4,
4,
3,
4,
4,
3,
4,
3,
3,
4,
4,
3,
4,
4,
3,
4,
4,
3,
4,
3,
3,
4,
4,
3,
4,
4,
3,
4,
3,
3,
4,
3,
3,
4,
4,
3,
4,
4,
3,
4,
4,
3,
4,
3,
3,
4,
4,
3,
4,
4,
4,
4,
4,
3,
4,
3,
3,
4,
4,
3,
4,
4,
3,
4,
3,
3,
4,
3,
3,
4,
4,
3,
4,
4,
3,
4,
4,
3,
4,
3,
3,
4,
4,
3,
4,
4,
3,
4,
3,
3,
4,
3,
3,
4,
4,
3,
4,
4,
3,
4,
4,
3,
4,
3,
3,
4,
4,
3,
4,
4,
3,
4,
3,
3,
4,
3,
3,
4,
4,
3,
4,
4,
3,
4,
3,
3,
3,
3,
3,
4,
4,
3,
4,
4,
3,
4,
3,
3,
4,
3,
3,
4,
4,
3,
4,
4,
3,
4,
4,
3,
4,
3,
3,
4,
3,
3,
4,
4,
3,
4,
3,
3,
4,
3,
3,
4,
4,
3,
4,
4,
3,
4,
3,
3,
4,
3,
3,
4,
4,
3,
4,
4,
3,
4,
3,
3,
4,
3,
3,
4,
4,
3,
4,
4,
3,
4,
3,
3,
4,
3,
3,
4,
4,
3,
4,
4,
3,
4,
3,
3,
4,
3,
3,
4,
4,
3,
4,
4,
3,
4,
3,
3,
3,
3,
3,
4,
4,
3,
4,
4,
3,
4,
3,
3,
4,
3,
3,
4,
4,
3,
4,
4,
3,
4,
3,
3,
4,
3,
3,
4,
3,
3,
4,
4,
3,
4,
3,
3,
4,
3,
3,
4,
4,
3,
4,
4,
3,
4,
3,
3,
4,
3,
3,
4,
4,
3,
4,
4,
3,
4,
3,
3,
3,
3,
3,
4,
4,
3,
4,
3,
3,
4,
3,
3,
4,
3,
3,
4,
4,
3,
4,
4,
3,
4,
3,
3,
4,
3,
3,
4,
4,
3,
4,
4,
3,
4,
3,
3,
3,
3,
3,
4,
4,
3,
4,
4,
3,
4,
3,
3,
4,
3,
3,
4,
3,
3,
4,
4,
3,
4,
3,
3,
3,
3,
3,
4,
3,
3,
4,
4,
3,
4,
3,
3,
4,
3,
3,
4,
4,
3,
4,
4,
3,
4,
3,
3,
4,
3,
3,
4,
4,
3,
4,
4,
3,
4,
3,
3,
3,
3,
3,
4,
4,
3,
4,
4,
3,
4,
3,
3,
3,
3,
3,
4,
4,
3,
4,
3,
3,
4,
3,
3,
4,
3,
3,
3,
3,
3,
4,
4,
3,
4,
3,
3,
4,
3,
3,
4,
4,
3,
4,
3,
3,
4,
3,
3,
3,
3,
3,
3,
3,
3,
4,
4,
3,
4,
3,
3,
3,
3,
3,
4,
4,
3,
4,
4,
3,
4,
3,
3,
3,
3,
3,
3,
3,
3,
4,
4,
3,
4,
3,
3,
3,
3,
3,
4,
4,
3,
4,
3,
3,
4,
3,
3,
3,
3,
3,
4,
4,
3,
4,
3,
3,
4,
3,
3,
3,
3,
3,
3,
3,
3,
4,
4,
3,
4,
3,
3,
4,
3,
3,
3,
3,
3,
4,
3,
3,
3,
3,
3,
3,
3,
3,
3,
3,
3,
4,
4,
3,
4,
3,
3,
4,
3,
3,
3,
3,
3,
4,
4,
3,
4,
3,
3,
4,
3,
3,
4,
4,
3,
4,
3,
3,
3,
3,
3,
3,
3,
3,
3,
3,
3,
4,
3,
3,
4,
3,
3,
3,
3,
3,
4,
4,
3,
4,
4,
3,
4,
3,
3,
4,
3,
3,
4,
4,
3,
4,
3,
3,
3,
3,
3,
3,
3,
3,
3,
3,
3,
3,
3,
3,
3,
3,
3,
3,
3,
3,
3,
3,
3,
4,
4,
3,
4,
3,
3,
4,
3,
3,
4,
4,
3,
4,
3,
3,
4,
3,
3,
3,
3,
3,
3,
3,
3,
3,
3,
3,
4,
3,
3,
3,
3,
3,
4,
4,
3,
4,
3,
3,
4,
3,
3,
3,
3,
3,
3,
3,
3,
4,
4,
3,
3,
3,
3,
3,
3,
3,
3,
3,
3,
4,
3,
3,
4,
3,
3,
4,
3,
3,
3,
3,
3,
4,
3,
3,
4,
3,
3,
3,
3,
3,
4,
4,
3,
4,
3,
3,
4,
3,
3,
3,
3,
3,
4,
4,
3,
4,
3,
3,
4,
3,
3,
3,
3,
3,
4,
4,
3,
4,
4,
3,
4,
3,
3,
3,
3,
3,
4,
4,
3,
4,
3,
3,
4,
3,
3,
3,
3,
3,
4,
3,
3,
4,
3,
3,
4,
3,
3,
3,
3,
3,
4,
3,
3,
4,
4,
3,
4,
3,
3,
3,
3,
3,
3,
3,
3,
4,
3,
3,
3,
3,
3,
3,
3,
3,
3,
3,
3,
4,
3,
3,
4,
3,
3,
3,
3,
3,
3,
4,
3,
4,
3,
3,
4,
3,
3,
3,
3,
3,
4,
4,
3,
4,
3,
3,
4,
3,
3,
3,
3,
3,
4,
4,
3,
4,
3,
3,
3,
3,
3,
4,
3,
3,
3,
3,
3,
4,
4,
3,
4,
3,
3,
3,
3,
3,
4,
4,
3,
4,
3,
3,
4,
3,
3,
3,
3,
3,
3,
3,
3,
4,
4,
3,
4,
3,
3,
3,
3,
3,
4,
4,
3,
4,
4,
3,
3,
3,
3,
4,
3,
3,
3,
3,
3,
4,
3,
3,
3,
3,
3,
3,
3,
3,
3,
3,
3,
4,
3,
3,
4,
3,
3,
3,
3,
3,
4,
4,
3,
4,
3,
3,
4,
3,
3,
3,
3,
3,
4,
4,
3,
4,
3,
3,
4,
3,
3,
3,
3,
3,
3,
3,
3,
4,
4,
3,
4,
3,
3,
4,
3,
3,
3,
3,
3,
4,
3,
3,
4,
3,
3,
3,
3,
3,
3,
3,
3,
4,
3,
3,
4,
3,
3,
3,
3,
3,
4,
4,
3,
4,
3,
3,
4,
3,
3,
4,
3,
3,
4,
3,
3,
4,
3,
3,
4,
3,
3,
3,
3,
3,
4,
4,
3,
4,
3,
3,
4,
3,
3,
3,
3,
3,
3,
3,
3,
4,
3,
3,
4,
3,
3,
3,
3,
3,
4,
3,
3,
4,
3,
3,
3,
3,
3,
3,
3,
3,
3,
3,
3,
4,
3,
3,
3,
3,
3,
3,
3,
3,
4,
4,
3,
4,
3,
3,
4,
3,
3,
3,
3,
3,
3,
3,
3,
4,
3,
3,
4,
3,
3,
3,
3,
3,
3,
3,
3,
4,
3,
3,
3,
3,
3,
3,
3,
3,
3,
3,
3,
4,
3,
3,
3,
3,
3,
3,
3,
3,
4,
3,
3,
4,
3,
3,
4,
3,
3,
3,
3,
3,
3,
3,
3,
4,
3,
3,
4,
3,
3,
4,
3,
3,
3,
3,
3,
4,
3,
3,
3,
3,
3,
4,
3,
3,
3,
3,
3,
4,
3,
3,
3,
3,
3,
3,
3,
3,
3,
3,
3,
4,
3,
3,
4,
3,
3,
3,
3,
3,
3,
3,
3,
3,
3,
3,
4,
3,
3,
3,
3,
3,
3,
3,
3,
4,
4,
3,
3,
3,
3,
4,
3,
3,
3,
3,
3,
4,
4,
3,
3,
3,
3,
3,
3,
3,
3,
3,
3,
4,
3,
3,
3,
3,
3,
3,
3,
3,
3,
3,
3,
4,
3,
3,
4,
3,
3,
3,
3,
3,
3,
3,
3,
3,
3,
3,
4,
3,
3,
3,
3,
3,
4,
3,
3,
3,
3,
3,
3,
3,
3,
3,
3,
3,
3,
3,
3,
4,
3,
3,
4,
3,
3,
3,
3,
3,
3,
3,
3,
4,
3,
3,
4,
3,
3,
3,
3,
3,
4,
3,
3,
4,
3,
3,
3,
3,
3,
3,
3,
3,
3,
3,
3,
3,
3,
3,
3,
3,
3,
3,
3,
3,
3,
3,
3,
4,
3,
3,
3,
3,
3,
4,
3,
3,
3,
3,
3,
4,
3,
3,
3,
3,
3,
3,
3,
3,
3,
3,
3,
4,
3,
3,
3,
3,
3,
3,
3,
3,
3,
3,
3,
3,
3,
3,
3,
3,
3,
3,
3,
3,
3,
3,
3,
4,
3,
3,
3,
3,
3,
3,
3,
3,
3,
3,
3,
4,
3,
3,
3,
3,
3,
3,
3,
3,
4,
4,
3,
4,
3,
3,
4,
3,
3,
3,
3,
3,
3,
3,
3,
4,
3,
3,
4,
3,
3,
3,
3,
3,
3,
3,
3,
4,
3,
3,
3,
3,
3,
3,
3,
3,
3,
3,
3,
4,
3,
3,
3,
3,
3,
3,
3,
3,
3,
3,
3,
3,
3,
3,
3,
3,
3,
3,
3,
3,
3,
3,
3,
3,
3,
3,
3,
3,
3,
3,
3,
3,
3,
3,
3,
3,
3,
3,
3,
3,
3,
3,
3,
3,
3,
3,
3,
4,
3,
3,
3,
3,
3,
3,
3,
3,
3,
3,
3,
4,
3,
3,
3,
3,
3,
3,
3,
3,
3,
3,
3,
4,
3,
3,
4,
3,
3,
3,
3,
3,
3,
3,
3,
4,
3,
1,
3,
3,
1,
3,
3,
3,
3,
3,
3,
3,
3,
3,
3,
3,
3,
3,
3,
3,
3,
3,
3,
4,
3,
3,
4,
3,
1,
3,
3,
3,
3,
3,
1,
3,
3,
3,
3,
3,
3,
3,
3,
3,
3,
3,
3,
4,
3,
3,
3,
3,
3,
3,
3,
3,
3,
3,
3,
4,
3,
3,
3,
3,
3,
3,
3,
3,
3,
3,
3,
3,
3,
3,
3,
3,
3,
3,
3,
3,
3,
3,
3,
3,
3,
3,
3,
3,
1,
3,
3,
3,
3,
3,
3,
3,
3,
3,
3,
3,
1,
3,
3,
3,
3,
3,
1,
3,
3,
3,
3,
3,
1,
3,
3,
3,
3,
3,
3,
3,
3,
3,
3,
3,
3,
3,
3,
3,
3,
3,
3,
3,
3,
3,
3,
3,
3,
3,
3,
3,
3,
3,
3,
3,
3,
3,
3,
3,
3,
3,
3,
3,
3,
3,
3,
3,
3,
3,
3,
3,
1,
3,
1,
1,
3,
3,
1,
3,
3,
1,
3,
3,
3,
3,
3,
3,
3,
3,
3,
4,
3,
3,
4,
3,
3,
3,
3,
3,
3,
3,
3,
3,
3,
1,
3,
1,
1,
3,
3,
3,
3,
3,
1,
3,
3,
3,
3,
3,
1,
3,
3,
1,
3,
3,
3,
3,
3,
3,
3,
3,
3,
3,
3,
3,
3,
3,
1,
3,
3,
3,
3,
3,
3,
3,
3,
3,
3,
3,
1,
3,
3,
3,
3,
3,
3,
3,
3,
3,
3,
3,
1,
3,
3,
3,
3,
3,
3,
3,
3,
3,
3,
3,
3,
3,
3,
1,
3,
3,
3,
3,
3,
1,
3,
3,
3,
3,
3,
3,
3,
3,
3,
3,
3,
3,
3,
3,
3,
3,
3,
1,
3,
3,
1,
3,
3,
3,
3,
3,
1,
3,
3,
3,
3,
3,
1,
3,
3,
3,
3,
3,
1,
3,
3,
3,
3,
3,
3,
3,
3,
3,
3,
3,
3,
4,
3,
1,
3,
3,
3,
3,
3,
3,
3,
3,
3,
3,
3,
1,
3,
3,
1,
3,
3,
3,
3,
3,
1,
3,
3,
3,
3,
3,
1,
3,
3,
3,
3,
3,
3,
3,
3,
3,
3,
3,
1,
3,
3,
3,
3,
3,
1,
3,
3,
3,
3,
3,
1,
3,
3,
1,
3,
